t,is_crashed,roll,pitch,yaw,p,q,r,throttle,roll_pid_out,pitch_pid_out,yaw_pid_out,motor_fl,motor_bl,motor_fr,motor_br,pwm_fl,pwm_bl,pwm_fr,pwm_br
6905,0,0.02,-0.00,-0.00,0.00,-0.00,0.00,-1.00,0.00,0.00,0.00,0.00,0.00,0.00,0.00,0,0,0,0
6915,0,0.00,0.00,-0.00,0.00,0.00,-0.00,0.00,0.00,0.00,0.00,0.00,0.00,0.00,0.00,819,819,819,819
6923,0,0.00,0.00,-0.00,0.00,0.00,0.00,0.00,-0.00,0.00,0.00,0.00,0.00,0.00,0.00,819,819,819,819
6933,0,0.00,0.00,-0.00,0.00,0.00,0.00,0.00,-0.00,0.00,0.00,0.00,0.00,0.00,0.00,819,819,819,819
6941,0,0.00,0.00,-0.00,0.00,0.00,0.00,0.00,-0.00,0.00,0.00,0.00,0.00,0.00,0.00,819,819,819,819
6951,0,0.00,0.00,-0.00,0.00,-0.00,-0.00,0.00,-0.00,-0.00,0.00,0.00,0.00,0.00,0.00,819,819,819,819
6964,0,0.00,0.00,-0.00,0.00,-0.00,-0.00,0.00,-0.00,-0.00,0.00,0.00,0.00,0.00,0.00,819,819,819,819
6973,0,0.00,0.00,-0.00,-0.00,-0.00,0.00,0.00,0.00,-0.00,0.00,0.00,0.00,0.00,0.00,819,819,819,819
6983,0,0.00,0.00,-0.00,-0.00,-0.00,0.00,0.00,0.00,-0.00,0.00,0.00,0.00,0.00,0.00,819,819,819,819
6992,0,0.00,0.00,-0.00,0.00,-0.00,0.00,0.00,-0.00,0.00,0.00,0.00,0.00,0.00,0.00,819,819,819,819
7001,0,0.00,0.00,-0.00,0.00,0.00,-0.00,0.00,-0.00,0.00,0.00,0.00,0.00,0.00,0.00,819,819,819,819
7011,0,0.00,0.00,-0.00,0.00,0.00,-0.00,0.00,-0.00,0.00,0.00,0.00,0.00,0.00,0.00,819,819,819,819
7020,0,0.00,0.00,-0.00,0.00,0.00,-0.00,0.00,-0.00,0.00,0.00,0.00,0.00,0.00,0.00,819,819,819,819
7030,0,0.00,0.00,-0.00,0.00,-0.00,-0.00,0.00,-0.00,0.00,0.00,0.00,0.00,0.00,0.00,819,819,819,819
7038,0,0.00,0.00,-0.00,-0.00,-0.00,-0.00,0.00,0.00,-0.00,0.00,0.00,0.00,0.00,0.00,819,819,819,819
7045,0,0.00,0.00,-0.00,0.00,-0.00,0.00,0.00,-0.00,0.00,0.00,0.00,0.00,0.00,0.00,819,819,819,819
7054,0,0.00,0.00,-0.00,0.00,-0.00,0.00,0.00,-0.00,0.00,0.00,0.00,0.00,0.00,0.00,819,819,819,819
7063,0,0.00,0.00,-0.00,0.00,-0.00,0.00,0.00,-0.00,0.00,0.00,0.00,0.00,0.00,0.00,819,819,819,819
7072,0,0.00,0.00,-0.00,0.00,-0.00,0.00,0.00,-0.00,0.00,0.00,0.00,0.00,0.00,0.00,819,819,819,819
7082,0,0.00,0.00,-0.00,-0.00,-0.00,0.00,0.00,0.00,-0.00,0.00,0.00,0.00,0.00,0.00,819,819,819,819
7089,0,0.00,0.00,-0.00,0.00,0.00,0.00,0.00,-0.00,0.00,0.00,0.00,0.00,0.00,0.00,819,819,819,819
7098,0,0.00,0.00,-0.00,0.00,-0.00,-0.00,0.00,-0.00,-0.00,0.00,0.00,0.00,0.00,0.00,819,819,819,819
7105,0,0.00,0.00,-0.00,0.00,-0.00,0.00,0.00,-0.00,-0.00,0.00,0.00,0.00,0.00,0.00,819,819,819,819
7114,0,0.00,0.00,-0.00,0.00,-0.00,0.00,0.00,-0.00,-0.00,0.00,0.00,0.00,0.00,0.00,819,819,819,819
7123,0,0.00,0.00,-0.00,0.00,-0.00,0.00,0.00,-0.00,-0.00,0.00,0.00,0.00,0.00,0.00,819,819,819,819
7133,0,0.00,0.00,-0.00,0.00,-0.00,-0.00,0.00,-0.00,0.00,0.00,0.00,0.00,0.00,0.00,819,819,819,819
7141,0,0.00,0.00,-0.00,-0.00,0.00,-0.00,0.00,0.00,0.00,0.00,0.00,0.00,0.00,0.00,819,819,819,819
7151,0,0.00,0.00,-0.00,0.00,0.00,0.00,0.00,-0.00,0.00,0.00,0.00,0.00,0.00,0.00,819,819,819,819
7161,0,0.00,0.00,-0.00,-0.00,0.00,-0.00,0.00,0.00,0.00,0.00,0.00,0.00,0.00,0.00,819,819,819,819
7170,0,0.00,0.00,-0.00,-0.00,0.00,0.00,0.00,0.00,0.00,0.00,0.00,0.00,0.00,0.00,819,819,819,819
7180,0,0.00,0.00,-0.00,0.00,0.00,0.00,0.00,-0.00,0.00,0.00,0.00,0.00,0.00,0.00,819,819,819,819
7187,0,0.00,0.00,-0.00,-0.00,0.00,0.00,0.00,0.00,0.00,0.00,0.00,0.00,0.00,0.00,819,819,819,819
7195,0,0.00,0.00,-0.00,-0.00,-0.00,-0.00,0.00,0.00,-0.00,0.00,0.00,0.00,0.00,0.00,819,819,819,819
7204,0,0.00,0.00,-0.00,0.00,-0.00,-0.00,0.00,-0.00,-0.00,0.00,0.00,0.00,0.00,0.00,819,819,819,819
7213,0,0.00,0.00,-0.00,0.00,-0.00,-0.00,0.00,-0.00,-0.00,0.00,0.00,0.00,0.00,0.00,819,819,819,819
7223,0,0.00,0.00,-0.00,0.00,-0.00,-0.00,0.00,-0.00,-0.00,0.00,0.00,0.00,0.00,0.00,819,819,819,819
7232,0,0.00,0.00,-0.00,-0.00,0.00,0.00,0.00,0.00,0.00,0.00,0.00,0.00,0.00,0.00,819,819,819,819
7246,0,0.00,0.00,-0.00,-0.00,0.00,-0.00,0.00,0.00,0.00,0.00,0.00,0.00,0.00,0.00,819,819,819,819
7254,0,0.00,0.00,-0.00,0.00,-0.00,-0.00,0.00,-0.00,-0.00,0.00,0.00,0.00,0.00,0.00,819,819,819,819
7263,0,0.00,0.00,-0.00,0.00,-0.00,-0.00,0.00,-0.00,-0.00,0.00,0.00,0.00,0.00,0.00,819,819,819,819
7273,0,0.00,0.00,-0.00,-0.00,-0.00,-0.00,0.00,0.00,-0.00,0.00,0.00,0.00,0.00,0.00,819,819,819,819
7283,0,0.00,0.00,-0.00,0.00,-0.00,0.00,0.00,-0.00,-0.00,0.00,0.00,0.00,0.00,0.00,819,819,819,819
7290,0,0.00,0.00,-0.00,-0.00,0.00,-0.00,0.00,0.00,0.00,0.00,0.00,0.00,0.00,0.00,819,819,819,819
7297,0,0.00,0.00,-0.00,0.00,0.00,0.00,0.00,-0.00,0.00,0.00,0.00,0.00,0.00,0.00,819,819,819,819
7305,0,0.00,0.00,-0.00,-0.00,-0.00,0.00,0.00,0.00,0.00,0.00,0.00,0.00,0.00,0.00,819,819,819,819
7314,0,0.00,0.00,-0.00,-0.00,-0.00,0.00,0.00,0.00,0.00,0.00,0.00,0.00,0.00,0.00,819,819,819,819
7323,0,0.00,0.00,-0.00,-0.00,-0.00,-0.00,0.00,0.00,-0.00,0.00,0.00,0.00,0.00,0.00,819,819,819,819
7333,0,0.00,0.00,-0.00,0.00,-0.00,-0.00,0.00,-0.00,-0.00,0.00,0.00,0.00,0.00,0.00,819,819,819,819
7341,0,0.00,0.00,-0.00,-0.00,-0.00,-0.00,0.00,0.00,-0.00,0.00,0.00,0.00,0.00,0.00,819,819,819,819
7350,0,0.00,0.00,-0.00,-0.00,-0.00,-0.00,0.00,0.00,-0.00,0.00,0.00,0.00,0.00,0.00,819,819,819,819
7357,0,0.00,0.00,-0.00,-0.00,0.00,0.00,0.00,0.00,0.00,0.00,0.00,0.00,0.00,0.00,819,819,819,819
7365,0,0.00,0.00,-0.00,0.00,0.00,0.00,0.00,-0.00,0.00,0.00,0.00,0.00,0.00,0.00,819,819,819,819
7374,0,0.00,0.00,-0.00,0.00,0.00,0.00,0.00,-0.00,0.00,0.00,0.00,0.00,0.00,0.00,819,819,819,819
7384,0,0.00,0.00,-0.00,0.00,-0.00,-0.00,0.00,-0.00,-0.00,0.00,0.00,0.00,0.00,0.00,819,819,819,819
7392,0,0.00,0.00,-0.00,-0.00,-0.00,0.00,0.00,0.00,-0.00,0.00,0.00,0.00,0.00,0.00,819,819,819,819
7402,0,0.00,0.00,-0.00,0.00,-0.00,0.00,0.00,-0.00,-0.00,0.00,0.00,0.00,0.00,0.00,819,819,819,819
7412,0,0.00,0.00,-0.00,0.00,-0.00,-0.00,0.00,-0.00,0.00,0.00,0.00,0.00,0.00,0.00,819,819,819,819
7421,0,0.00,0.00,-0.00,-0.00,-0.00,-0.00,0.00,0.00,0.00,0.00,0.00,0.00,0.00,0.00,819,819,819,819
7431,0,0.00,0.00,-0.00,-0.00,0.00,-0.00,0.00,0.00,0.00,0.00,0.00,0.00,0.00,0.00,819,819,819,819
7438,0,0.00,0.00,-0.00,-0.00,-0.00,0.00,0.00,0.00,-0.00,0.00,0.00,0.00,0.00,0.00,819,819,819,819
7446,0,0.00,0.00,-0.00,-0.00,-0.00,0.00,0.00,0.00,0.00,0.00,0.00,0.00,0.00,0.00,819,819,819,819
7455,0,0.00,0.00,-0.00,0.00,-0.00,0.00,0.00,-0.00,0.00,0.00,0.00,0.00,0.00,0.00,819,819,819,819
7464,0,0.00,0.00,-0.00,0.00,-0.00,0.00,0.00,-0.00,0.00,0.00,0.00,0.00,0.00,0.00,819,819,819,819
7473,0,0.00,0.00,-0.00,-0.00,-0.00,-0.00,0.00,0.00,-0.00,0.00,0.00,0.00,0.00,0.00,819,819,819,819
7483,0,0.00,0.00,-0.00,0.00,-0.00,-0.00,0.00,-0.00,0.00,0.00,0.00,0.00,0.00,0.00,819,819,819,819
7491,0,0.00,0.00,-0.00,-0.00,-0.00,0.00,0.00,0.00,-0.00,0.00,0.00,0.00,0.00,0.00,819,819,819,819
7499,0,0.00,0.00,-0.00,-0.00,-0.00,0.00,0.00,0.00,-0.00,0.00,0.00,0.00,0.00,0.00,819,819,819,819
7506,0,0.00,0.00,-0.00,-0.00,0.00,-0.00,0.00,0.00,0.00,0.00,0.00,0.00,0.00,0.00,819,819,819,819
7522,0,0.00,0.00,-0.00,-0.00,-0.00,0.00,0.00,0.00,-0.00,0.00,0.00,0.00,0.00,0.00,819,819,819,819
7532,0,0.00,0.00,-0.00,0.00,-0.00,0.00,0.00,-0.00,-0.00,0.00,0.00,0.00,0.00,0.00,819,819,819,819
7539,0,0.00,0.00,-0.00,-0.00,-0.00,0.00,0.00,0.00,-0.00,0.00,0.00,0.00,0.00,0.00,819,819,819,819
7547,0,0.00,0.00,-0.00,0.00,-0.00,0.00,0.00,-0.00,0.00,0.00,0.00,0.00,0.00,0.00,819,819,819,819
7555,0,0.00,0.00,-0.00,0.00,0.00,0.00,0.00,-0.00,0.00,0.00,0.00,0.00,0.00,0.00,819,819,819,819
7564,0,0.00,0.00,-0.00,0.00,0.00,0.00,0.00,-0.00,0.00,0.00,0.00,0.00,0.00,0.00,819,819,819,819
7574,0,0.00,0.00,-0.00,0.00,-0.00,-0.00,0.00,-0.00,-0.00,0.00,0.00,0.00,0.00,0.00,819,819,819,819
7584,0,0.00,0.00,-0.00,-0.00,0.00,0.00,0.00,0.00,0.00,0.00,0.00,0.00,0.00,0.00,819,819,819,819
7591,0,0.00,0.00,-0.00,-0.00,0.00,0.00,0.00,0.00,0.00,0.00,0.00,0.00,0.00,0.00,819,819,819,819
7600,0,0.00,0.00,-0.00,-0.00,-0.00,0.00,0.00,0.00,-0.00,0.00,0.00,0.00,0.00,0.00,819,819,819,819
7607,0,0.00,0.00,-0.00,0.00,-0.00,-0.00,0.00,-0.00,-0.00,0.00,0.00,0.00,0.00,0.00,819,819,819,819
7615,0,0.00,0.00,-0.00,-0.00,-0.00,-0.00,0.00,0.00,-0.00,0.00,0.00,0.00,0.00,0.00,819,819,819,819
7624,0,0.00,0.00,-0.00,-0.00,-0.00,-0.00,0.00,0.00,-0.00,0.00,0.00,0.00,0.00,0.00,819,819,819,819
7634,0,0.00,0.00,-0.00,0.00,-0.00,-0.00,0.00,-0.00,-0.00,0.00,0.00,0.00,0.00,0.00,819,819,819,819
7641,0,0.00,0.00,-0.00,0.00,0.00,-0.00,0.00,-0.00,0.00,0.00,0.00,0.00,0.00,0.00,819,819,819,819
7650,0,0.00,0.00,-0.00,-0.00,0.00,0.00,0.00,0.00,0.00,0.00,0.00,0.00,0.00,0.00,819,819,819,819
7657,0,0.00,0.00,-0.00,0.00,0.00,-0.00,0.00,-0.00,0.00,0.00,0.00,0.00,0.00,0.00,819,819,819,819
7665,0,0.00,0.00,-0.00,-0.00,-0.00,-0.00,0.00,0.00,0.00,0.00,0.00,0.00,0.00,0.00,819,819,819,819
7674,0,0.00,0.00,-0.00,-0.00,-0.00,-0.00,0.00,0.00,0.00,0.00,0.00,0.00,0.00,0.00,819,819,819,819
7684,0,0.00,0.00,-0.00,-0.00,-0.00,-0.00,0.00,0.00,0.00,0.00,0.00,0.00,0.00,0.00,819,819,819,819
7691,0,0.00,0.00,-0.00,-0.00,-0.00,0.00,0.00,0.00,-0.00,0.00,0.00,0.00,0.00,0.00,819,819,819,819
7699,0,0.00,0.00,-0.00,0.00,-0.00,-0.00,0.00,-0.00,-0.00,0.00,0.00,0.00,0.00,0.00,819,819,819,819
7707,0,0.00,0.00,-0.00,-0.00,-0.00,0.00,0.00,0.00,-0.00,0.00,0.00,0.00,0.00,0.00,819,819,819,819
7715,0,0.00,0.00,-0.00,0.00,-0.00,-0.00,0.00,-0.00,-0.00,0.00,0.00,0.00,0.00,0.00,819,819,819,819
7725,0,0.00,0.00,-0.00,0.00,-0.00,-0.00,0.00,-0.00,-0.00,0.00,0.00,0.00,0.00,0.00,819,819,819,819
7735,0,0.00,0.00,-0.00,-0.00,-0.00,0.00,0.00,0.00,0.00,0.00,0.00,0.00,0.00,0.00,819,819,819,819
7744,0,0.00,0.00,-0.00,0.00,0.00,0.00,0.00,-0.00,0.00,0.00,0.00,0.00,0.00,0.00,819,819,819,819
7753,0,0.00,0.00,-0.00,0.00,-0.00,-0.00,0.00,-0.00,0.00,0.00,0.00,0.00,0.00,0.00,819,819,819,819
7763,0,0.00,0.00,-0.00,-0.00,-0.00,-0.00,0.00,0.00,-0.00,0.00,0.00,0.00,0.00,0.00,819,819,819,819
7773,0,0.00,0.00,-0.00,0.00,0.00,-0.00,0.00,-0.00,0.00,0.00,0.00,0.00,0.00,0.00,819,819,819,819
7782,0,0.00,0.00,-0.00,-0.00,-0.00,-0.00,0.00,0.00,0.00,0.00,0.00,0.00,0.00,0.00,819,819,819,819
7796,0,0.00,0.00,-0.00,-0.00,-0.00,0.00,0.00,0.00,-0.00,0.00,0.00,0.00,0.00,0.00,819,819,819,819
7805,0,0.00,0.00,-0.00,-0.00,0.00,0.00,0.00,0.00,0.00,0.00,0.00,0.00,0.00,0.00,819,819,819,819
7815,0,0.00,0.00,-0.00,-0.00,0.00,0.00,0.00,0.00,0.00,0.00,0.00,0.00,0.00,0.00,819,819,819,819
7824,0,0.00,0.00,-0.00,-0.00,0.00,0.00,0.00,0.00,0.00,0.00,0.00,0.00,0.00,0.00,819,819,819,819
7834,0,0.00,0.00,-0.00,0.00,0.00,-0.00,0.00,-0.00,0.00,0.00,0.00,0.00,0.00,0.00,819,819,819,819
7842,0,0.00,0.00,-0.00,0.00,-0.00,0.00,0.00,-0.00,-0.00,0.00,0.00,0.00,0.00,0.00,819,819,819,819
7852,0,0.00,0.00,-0.00,-0.00,-0.00,0.00,0.00,0.00,-0.00,0.00,0.00,0.00,0.00,0.00,819,819,819,819
7864,0,0.00,0.00,-0.00,0.00,0.00,-0.00,0.00,-0.00,0.00,0.00,0.00,0.00,0.00,0.00,819,819,819,819
7873,0,0.00,0.00,-0.00,0.00,0.00,0.00,0.00,-0.00,0.00,0.00,0.00,0.00,0.00,0.00,819,819,819,819
7883,0,0.00,0.00,-0.00,0.00,0.00,-0.00,0.00,-0.00,0.00,0.00,0.00,0.00,0.00,0.00,819,819,819,819
7891,0,0.00,0.00,-0.00,-0.00,-0.00,0.00,0.00,0.00,0.00,0.00,0.00,0.00,0.00,0.00,819,819,819,819
7898,0,0.00,0.00,-0.00,0.00,-0.00,0.00,0.00,-0.00,0.00,0.00,0.00,0.00,0.00,0.00,819,819,819,819
7906,0,0.00,0.00,-0.00,-0.00,0.00,-0.00,0.00,0.00,0.00,0.00,0.00,0.00,0.00,0.00,819,819,819,819
7915,0,0.00,0.00,-0.00,-0.00,0.00,-0.00,0.00,0.00,0.00,0.00,0.00,0.00,0.00,0.00,819,819,819,819
7925,0,0.00,0.00,-0.00,0.00,0.00,-0.00,0.00,-0.00,0.00,0.00,0.00,0.00,0.00,0.00,819,819,819,819
7934,0,0.00,0.00,-0.00,0.00,-0.00,0.00,0.00,-0.00,-0.00,0.00,0.00,0.00,0.00,0.00,819,819,819,819
7943,0,0.00,0.00,-0.00,0.00,0.00,-0.00,0.00,-0.00,0.00,0.00,0.00,0.00,0.00,0.00,819,819,819,819
7953,0,0.00,0.00,-0.00,-0.00,-0.00,-0.00,0.00,0.00,-0.00,0.00,0.00,0.00,0.00,0.00,819,819,819,819
7963,0,0.00,0.00,-0.00,-0.00,-0.00,-0.00,0.00,0.00,-0.00,0.00,0.00,0.00,0.00,0.00,819,819,819,819
7972,0,0.00,0.00,-0.00,0.00,-0.00,0.00,0.00,-0.00,-0.00,0.00,0.00,0.00,0.00,0.00,819,819,819,819
7982,0,0.00,0.00,-0.00,-0.00,-0.00,0.00,0.00,0.00,-0.00,0.00,0.00,0.00,0.00,0.00,819,819,819,819
7989,0,0.00,0.00,-0.00,0.00,-0.00,-0.00,0.00,-0.00,-0.00,0.00,0.00,0.00,0.00,0.00,819,819,819,819
7997,0,0.00,0.00,-0.00,-0.00,-0.00,-0.00,0.00,0.00,0.00,0.00,0.00,0.00,0.00,0.00,819,819,819,819
8005,0,0.00,0.00,-0.00,-0.00,-0.00,-0.00,0.00,0.00,0.00,0.00,0.00,0.00,0.00,0.00,819,819,819,819
8015,0,0.00,0.00,-0.00,0.00,0.00,-0.00,0.00,-0.00,0.00,0.00,0.00,0.00,0.00,0.00,819,819,819,819
8025,0,0.00,0.00,-0.00,-0.00,0.00,-0.00,0.00,0.00,0.00,0.00,0.00,0.00,0.00,0.00,819,819,819,819
8035,0,0.00,0.00,-0.00,0.00,0.00,-0.00,0.00,-0.00,0.00,0.00,0.00,0.00,0.00,0.00,819,819,819,819
8043,0,0.00,0.00,-0.00,0.00,-0.00,-0.00,0.00,-0.00,-0.00,0.00,0.00,0.00,0.00,0.00,819,819,819,819
8052,0,0.00,0.00,-0.00,0.00,0.00,0.00,0.00,-0.00,0.00,0.00,0.00,0.00,0.00,0.00,819,819,819,819
8059,0,0.00,0.00,-0.00,0.00,-0.00,0.00,0.00,-0.00,0.00,0.00,0.00,0.00,0.00,0.00,819,819,819,819
8066,0,0.00,0.00,-0.00,0.00,0.00,-0.00,0.00,-0.00,0.00,0.00,0.00,0.00,0.00,0.00,819,819,819,819
8080,0,0.00,0.00,-0.00,-0.00,0.00,-0.00,0.00,0.00,0.00,0.00,0.00,0.00,0.00,0.00,819,819,819,819
8088,0,0.00,0.00,-0.00,-0.00,0.00,-0.00,0.00,0.00,0.00,0.00,0.00,0.00,0.00,0.00,819,819,819,819
8097,0,0.00,0.00,-0.00,0.00,-0.00,0.00,0.00,-0.00,-0.00,0.00,0.00,0.00,0.00,0.00,819,819,819,819
8106,0,0.00,0.00,-0.00,0.00,-0.00,0.00,0.00,-0.00,-0.00,0.00,0.00,0.00,0.00,0.00,819,819,819,819
8115,0,0.00,0.00,-0.00,0.00,-0.00,0.00,0.00,-0.00,-0.00,0.00,0.00,0.00,0.00,0.00,819,819,819,819
8125,0,0.00,0.00,-0.00,-0.00,-0.00,0.00,0.03,0.00,-0.00,0.00,0.03,0.03,0.03,0.03,844,844,860,844
8135,0,0.00,0.00,-0.00,-0.00,0.00,0.00,0.03,0.00,0.00,0.00,0.03,0.03,0.03,0.03,844,844,860,844
8143,0,0.00,0.00,-0.00,-0.00,-0.00,-0.00,0.03,0.00,-0.00,0.00,0.03,0.03,0.03,0.03,844,844,860,844
8153,0,0.00,0.00,-0.00,-0.00,-0.00,0.00,0.03,0.00,-0.00,0.00,0.03,0.03,0.03,0.03,844,844,860,844
8163,0,0.00,0.00,-0.00,-0.00,0.00,0.00,0.03,0.00,0.00,0.00,0.03,0.03,0.03,0.03,844,844,860,844
8173,0,0.00,0.00,-0.00,0.00,-0.00,0.00,0.04,-0.00,-0.00,0.00,0.04,0.04,0.04,0.04,851,851,867,851
8182,0,0.00,0.00,-0.00,-0.00,0.00,0.00,0.04,0.00,0.00,0.00,0.04,0.04,0.04,0.04,852,852,869,852
8190,0,0.00,0.00,-0.00,-0.00,-0.00,0.00,0.04,0.00,-0.00,0.00,0.04,0.04,0.04,0.04,852,852,869,852
8198,0,0.00,0.00,-0.00,0.00,0.00,-0.00,0.04,-0.00,0.00,0.00,0.04,0.04,0.04,0.04,852,852,869,852
8207,0,0.00,0.00,-0.00,-0.00,0.00,0.00,0.04,0.00,0.00,0.00,0.04,0.04,0.04,0.04,852,852,869,852
8216,0,0.00,0.00,-0.00,-0.00,0.00,0.00,0.04,0.00,0.00,0.00,0.04,0.04,0.04,0.04,852,852,869,852
8226,0,0.00,0.00,-0.00,0.00,-0.00,0.00,0.04,-0.00,-0.00,0.00,0.04,0.04,0.04,0.04,852,852,869,852
8236,0,0.00,0.00,-0.00,0.00,0.00,0.00,0.04,-0.00,0.00,0.00,0.04,0.04,0.04,0.04,852,852,869,852
8246,0,0.00,0.00,-0.00,-0.00,0.00,0.00,0.04,0.00,0.00,0.00,0.04,0.04,0.04,0.04,852,852,869,852
8255,0,0.00,0.00,-0.00,-0.00,-0.00,0.00,0.04,0.00,-0.00,0.00,0.04,0.04,0.04,0.04,852,852,869,852
8265,0,0.00,0.00,-0.00,-0.00,0.00,-0.00,0.04,0.00,0.00,0.00,0.04,0.04,0.04,0.04,853,853,869,853
8275,0,0.00,0.00,-0.00,-0.00,0.00,0.00,0.04,0.00,0.00,0.00,0.04,0.04,0.04,0.04,853,853,869,853
8285,0,0.00,0.00,-0.00,0.00,-0.00,0.00,0.04,-0.00,-0.00,0.00,0.04,0.04,0.04,0.04,853,853,869,853
8293,0,0.00,0.00,-0.00,-0.00,-0.00,-0.00,0.04,0.00,-0.00,0.00,0.04,0.04,0.04,0.04,854,854,870,854
8302,0,0.00,0.00,-0.00,0.00,-0.00,0.00,0.04,-0.00,0.00,0.00,0.04,0.04,0.04,0.04,854,854,870,854
8310,0,0.00,0.00,-0.00,-0.00,-0.00,0.00,0.04,0.00,-0.00,0.00,0.04,0.04,0.04,0.04,854,854,870,854
8317,0,0.00,0.00,-0.00,0.00,-0.00,0.00,0.04,-0.00,-0.00,0.00,0.04,0.04,0.04,0.04,854,854,870,854
8326,0,0.00,0.00,-0.00,-0.00,-0.00,0.00,0.04,0.00,-0.00,0.00,0.04,0.04,0.04,0.04,854,854,870,854
8336,0,0.00,0.00,-0.00,-0.00,-0.00,0.00,0.04,0.00,-0.00,0.00,0.04,0.04,0.04,0.04,855,855,871,855
8346,0,0.00,0.00,-0.00,-0.00,-0.00,0.00,0.04,0.00,-0.00,0.00,0.04,0.04,0.04,0.04,855,855,871,855
8356,0,0.00,0.00,-0.00,0.00,-0.00,0.00,0.04,-0.00,0.00,0.00,0.04,0.04,0.04,0.04,855,855,871,855
8369,0,0.00,0.00,-0.00,-0.00,-0.00,0.00,0.05,0.00,-0.00,0.00,0.05,0.05,0.05,0.05,858,858,874,858
8377,0,0.00,0.00,-0.00,0.00,0.00,0.00,0.06,-0.00,0.00,0.00,0.06,0.06,0.06,0.06,867,867,883,867
8386,0,0.00,0.00,-0.00,0.00,0.00,0.00,0.06,-0.00,0.00,0.00,0.06,0.06,0.06,0.06,867,867,883,867
8396,0,0.00,0.00,-0.00,-0.00,-0.00,0.00,0.06,0.00,-0.00,0.00,0.06,0.06,0.06,0.06,867,867,883,867
8405,0,0.00,0.00,-0.00,-0.00,-0.00,0.00,0.08,0.00,0.00,0.00,0.08,0.08,0.08,0.08,883,883,899,883
8415,0,0.00,0.00,-0.00,-0.00,0.00,0.00,0.08,0.00,0.00,0.00,0.08,0.08,0.08,0.08,883,883,899,883
8427,0,0.00,0.00,-0.00,0.00,-0.00,0.00,0.08,-0.00,-0.00,0.00,0.08,0.08,0.08,0.08,883,883,899,883
8436,0,0.00,0.00,-0.00,0.00,-0.00,0.00,0.08,-0.00,-0.00,0.00,0.08,0.08,0.08,0.08,885,885,901,885
8445,0,0.00,0.00,-0.00,-0.00,-0.00,-0.00,0.08,0.00,0.00,0.00,0.08,0.08,0.08,0.08,885,885,901,885
8454,0,0.00,0.00,-0.00,0.00,-0.00,0.00,0.08,-0.00,0.00,0.00,0.08,0.08,0.08,0.08,885,885,901,885
8464,0,0.00,0.00,-0.00,0.00,0.00,0.00,0.09,-0.00,0.00,0.00,0.09,0.09,0.09,0.09,895,895,911,895
8473,0,0.00,0.00,-0.00,0.00,0.00,0.00,0.09,-0.00,0.00,0.00,0.09,0.09,0.09,0.09,895,895,911,895
8482,0,0.00,0.00,-0.00,-0.00,0.00,0.00,0.10,0.00,0.00,0.00,0.09,0.09,0.10,0.10,896,896,913,896
8490,0,0.00,0.00,-0.00,-0.00,-0.00,0.00,0.10,0.00,0.00,0.00,0.09,0.09,0.10,0.10,896,896,913,896
8498,0,0.00,0.00,-0.00,-0.00,-0.00,0.00,0.10,0.00,0.00,0.00,0.09,0.09,0.10,0.10,896,896,913,896
8507,0,0.00,0.00,-0.00,-0.00,-0.00,0.00,0.10,0.00,0.00,0.00,0.09,0.09,0.10,0.10,896,896,913,896
8516,0,0.00,0.00,-0.00,0.00,0.00,-0.00,0.10,-0.00,0.00,0.00,0.10,0.09,0.10,0.09,896,896,913,896
8526,0,0.00,0.00,-0.00,0.00,0.00,0.00,0.10,-0.00,0.00,0.00,0.10,0.10,0.10,0.10,902,902,919,902
8536,0,0.00,0.00,-0.00,-0.00,0.00,-0.00,0.11,0.00,0.00,0.00,0.11,0.11,0.11,0.11,907,907,924,907
8546,0,0.00,0.00,-0.00,-0.00,0.00,0.00,0.11,0.00,0.00,0.00,0.11,0.11,0.11,0.11,907,907,924,907
8556,0,0.00,0.00,-0.00,0.00,-0.00,0.00,0.11,-0.00,-0.00,0.00,0.11,0.11,0.11,0.11,907,907,924,907
8565,0,0.00,0.00,-0.00,0.00,0.00,0.00,0.12,-0.00,0.00,0.00,0.13,0.12,0.13,0.12,921,921,937,921
8575,0,0.00,0.00,-0.00,0.00,-0.00,0.00,0.12,-0.00,-0.00,0.00,0.12,0.13,0.12,0.12,921,921,937,921
8585,0,0.00,0.00,-0.00,0.00,-0.00,0.00,0.12,-0.00,-0.00,0.00,0.12,0.13,0.12,0.13,921,921,937,921
8593,0,0.00,0.00,-0.00,-0.00,-0.00,0.00,0.13,0.00,0.00,0.00,0.13,0.13,0.13,0.13,928,928,945,928
8600,0,0.00,0.00,-0.00,-0.00,-0.00,0.00,0.13,0.00,-0.00,0.00,0.13,0.13,0.13,0.13,928,928,945,928
8608,0,0.00,0.00,-0.00,-0.00,-0.00,0.00,0.13,0.00,-0.00,0.00,0.13,0.13,0.13,0.13,928,928,945,928
8617,0,0.00,0.00,-0.00,-0.00,0.00,0.00,0.13,0.00,0.00,0.00,0.13,0.13,0.13,0.13,928,928,945,928
8627,0,0.00,0.00,-0.00,-0.00,0.00,0.00,0.13,0.00,0.00,0.00,0.13,0.13,0.13,0.13,928,928,945,928
8637,0,0.00,0.00,-0.00,-0.00,-0.00,-0.00,0.13,0.00,-0.00,0.00,0.13,0.13,0.13,0.13,928,928,945,928
8648,0,0.00,0.00,-0.00,-0.00,0.00,-0.00,0.13,0.00,0.00,0.00,0.13,0.13,0.13,0.13,928,928,945,928
8657,0,0.00,0.00,-0.00,-0.00,0.00,-0.00,0.13,0.00,0.00,0.00,0.13,0.13,0.13,0.13,928,928,945,928
8667,0,0.00,0.00,-0.00,-0.00,0.00,-0.00,0.13,0.00,0.00,0.00,0.13,0.13,0.13,0.13,928,928,945,928
8676,0,0.00,0.00,-0.00,0.00,0.00,-0.00,0.13,-0.00,0.00,0.00,0.13,0.13,0.13,0.13,928,928,945,928
8686,0,0.00,0.00,-0.00,0.00,-0.00,-0.00,0.13,-0.00,-0.00,0.00,0.13,0.13,0.13,0.13,928,928,945,928
8694,0,0.00,0.00,-0.00,0.00,-0.00,-0.00,0.13,-0.00,-0.00,0.00,0.13,0.13,0.13,0.13,928,928,945,928
8702,0,0.00,0.00,-0.00,-0.00,-0.00,-0.00,0.13,0.00,-0.00,0.00,0.13,0.13,0.13,0.13,928,928,945,928
8710,0,0.00,0.00,-0.00,-0.00,-0.00,-0.00,0.13,0.00,-0.00,0.00,0.13,0.13,0.13,0.13,928,928,945,928
8718,0,0.00,0.00,-0.00,-0.00,-0.00,-0.00,0.13,0.00,-0.00,0.00,0.13,0.13,0.13,0.13,928,928,945,928
8727,0,0.00,0.00,-0.00,-0.00,-0.00,-0.00,0.13,0.00,-0.00,0.00,0.13,0.13,0.13,0.13,928,928,945,928
8737,0,0.00,0.00,-0.00,-0.00,-0.00,-0.00,0.13,0.00,-0.00,0.00,0.13,0.13,0.13,0.13,928,928,945,928
8746,0,0.00,0.00,-0.00,-0.00,-0.00,-0.00,0.13,0.00,-0.00,0.00,0.13,0.13,0.13,0.13,928,928,945,928
8756,0,0.00,0.00,-0.00,-0.00,-0.00,-0.00,0.13,0.00,-0.00,0.00,0.13,0.13,0.13,0.13,928,928,945,928
8766,0,0.00,0.00,-0.00,-0.00,-0.00,-0.00,0.13,0.00,0.00,0.00,0.13,0.13,0.13,0.13,928,928,945,928
8776,0,0.00,0.00,-0.00,-0.00,-0.00,-0.00,0.13,0.00,0.00,0.00,0.13,0.13,0.13,0.13,928,928,945,928
8785,0,0.00,0.00,-0.00,-0.00,0.00,-0.00,0.13,0.00,0.00,0.00,0.13,0.13,0.13,0.13,928,928,945,928
8793,0,0.00,0.00,-0.00,-0.00,-0.00,-0.00,0.13,0.00,-0.00,0.00,0.13,0.13,0.13,0.13,928,928,945,928
8801,0,0.00,0.00,-0.00,-0.00,-0.00,-0.00,0.13,0.00,-0.00,0.00,0.13,0.13,0.13,0.13,928,928,945,928
8808,0,0.00,0.00,-0.00,-0.00,-0.00,-0.00,0.13,0.00,-0.00,0.00,0.13,0.13,0.13,0.13,928,928,945,928
8817,0,0.00,0.00,-0.00,-0.00,-0.00,-0.00,0.13,0.00,-0.00,0.00,0.13,0.13,0.13,0.13,928,928,945,928
8827,0,0.00,0.00,-0.00,-0.00,-0.00,-0.00,0.13,0.00,-0.00,0.00,0.13,0.13,0.13,0.13,928,928,945,928
8836,0,0.00,0.00,-0.00,-0.00,0.00,-0.00,0.13,0.00,0.00,0.00,0.13,0.13,0.13,0.13,928,928,945,928
8844,0,0.00,0.00,0.00,-0.00,-0.00,-0.00,0.13,0.00,-0.00,0.00,0.13,0.13,0.13,0.13,928,928,945,928
8851,0,0.00,0.00,0.00,-0.00,-0.00,-0.00,0.13,0.00,-0.00,0.00,0.13,0.13,0.13,0.13,928,928,945,929
8859,0,0.00,0.00,0.00,-0.00,-0.00,-0.00,0.13,0.00,-0.00,0.00,0.13,0.13,0.13,0.13,928,928,945,929
8868,0,0.00,0.00,0.00,0.00,-0.00,-0.00,0.13,0.00,0.00,0.00,0.13,0.13,0.13,0.13,928,928,945,929
8877,0,0.00,0.00,0.00,0.00,-0.00,-0.00,0.13,0.00,0.00,0.00,0.13,0.13,0.13,0.13,928,928,945,929
8887,0,0.00,0.00,0.00,0.00,0.00,0.00,0.13,0.00,0.00,0.00,0.13,0.13,0.13,0.13,928,928,945,929
8895,0,0.00,0.00,0.00,0.00,0.00,0.00,0.13,0.00,0.00,0.00,0.13,0.13,0.13,0.13,928,928,945,929
8903,0,0.00,0.00,0.00,-0.00,-0.00,0.00,0.13,0.00,-0.00,0.00,0.13,0.13,0.13,0.13,928,928,945,929
8911,0,0.00,0.00,0.00,-0.00,-0.00,0.00,0.13,0.00,-0.00,0.00,0.13,0.13,0.13,0.13,928,928,945,929
8926,0,0.00,0.00,0.00,0.00,-0.00,0.00,0.13,0.00,-0.00,0.00,0.13,0.13,0.13,0.13,928,928,945,929
8936,0,0.00,0.00,0.00,0.00,-0.00,0.00,0.13,0.00,-0.00,0.00,0.13,0.13,0.13,0.13,928,928,945,929
8944,0,0.00,0.00,0.00,-0.00,-0.00,0.00,0.13,0.00,-0.00,0.00,0.13,0.13,0.13,0.13,928,928,945,929
8953,0,0.00,0.00,0.00,-0.00,-0.00,0.00,0.13,0.00,-0.00,0.00,0.13,0.13,0.13,0.13,928,928,945,929
8963,0,0.00,0.00,0.00,-0.00,0.00,-0.00,0.13,0.00,0.00,0.00,0.13,0.13,0.13,0.13,928,928,945,929
8970,0,0.00,0.00,0.00,-0.00,0.00,-0.00,0.13,0.00,0.00,0.00,0.13,0.13,0.13,0.13,928,928,945,929
8979,0,0.00,0.00,0.00,-0.00,-0.00,-0.00,0.13,0.00,-0.00,0.00,0.13,0.13,0.13,0.13,928,928,945,929
8988,0,0.00,0.00,0.00,-0.00,-0.00,-0.00,0.13,0.00,-0.00,0.00,0.13,0.13,0.13,0.13,928,928,945,929
8996,0,0.00,0.00,0.00,-0.00,0.00,-0.00,0.13,0.00,0.00,0.00,0.13,0.13,0.13,0.13,928,928,945,929
9003,0,0.00,0.00,0.00,0.00,-0.00,-0.00,0.13,0.00,-0.00,0.00,0.13,0.13,0.13,0.13,928,928,945,929
9011,0,0.00,0.00,0.00,-0.00,-0.00,-0.00,0.13,0.00,-0.00,0.00,0.13,0.13,0.13,0.13,928,928,945,929
9019,0,0.00,0.00,0.00,-0.00,-0.00,-0.00,0.13,0.00,-0.00,0.00,0.13,0.13,0.13,0.13,928,928,945,929
9028,0,0.00,0.00,0.00,-0.00,-0.00,-0.00,0.13,0.00,-0.00,0.00,0.13,0.13,0.13,0.13,928,928,945,929
9038,0,0.00,0.00,0.00,-0.00,-0.00,-0.00,0.13,0.00,-0.00,0.00,0.13,0.13,0.13,0.13,928,928,945,929
9045,0,0.00,0.00,0.00,-0.00,-0.00,0.00,0.13,0.00,-0.00,0.00,0.13,0.13,0.13,0.13,928,928,945,929
9053,0,0.00,0.00,0.00,-0.00,-0.00,0.00,0.13,0.00,-0.00,0.00,0.13,0.13,0.13,0.13,928,928,945,929
9061,0,0.00,0.00,0.00,-0.00,0.00,0.00,0.13,0.00,-0.00,0.00,0.13,0.13,0.13,0.13,928,928,945,929
9069,0,0.00,0.00,0.00,0.00,-0.00,0.00,0.13,0.00,-0.00,0.00,0.13,0.13,0.13,0.13,928,928,945,929
9078,0,0.00,0.00,0.00,0.00,0.00,-0.00,0.13,0.00,-0.00,0.00,0.13,0.13,0.13,0.13,928,928,945,929
9088,0,0.00,0.00,0.00,0.00,0.00,-0.00,0.13,0.00,-0.00,0.00,0.13,0.13,0.13,0.13,928,928,945,929
9097,0,0.00,0.00,0.00,0.00,-0.00,-0.00,0.13,0.00,-0.00,0.00,0.13,0.13,0.13,0.13,928,928,945,929
9107,0,0.00,0.00,0.00,-0.00,-0.00,0.00,0.13,0.00,-0.00,0.00,0.13,0.13,0.13,0.13,928,928,945,929
9116,0,0.00,0.00,0.00,-0.00,-0.00,-0.00,0.13,0.00,-0.00,0.00,0.13,0.13,0.13,0.13,928,928,945,929
9126,0,0.00,0.00,0.00,0.00,-0.00,0.00,0.14,0.00,-0.00,0.00,0.13,0.13,0.14,0.14,929,929,946,930
9136,0,0.00,0.00,0.00,0.00,0.00,0.00,0.13,0.00,-0.00,0.00,0.13,0.13,0.13,0.13,928,928,945,929
9143,0,0.00,0.00,0.00,0.00,0.00,-0.00,0.13,0.00,-0.00,0.00,0.13,0.13,0.13,0.13,928,928,945,929
9151,0,0.00,0.00,0.00,0.00,-0.00,0.00,0.13,0.00,-0.00,0.00,0.13,0.13,0.13,0.13,928,928,945,929
9159,0,0.00,0.00,0.00,-0.00,-0.00,0.00,0.13,0.00,-0.00,0.00,0.13,0.13,0.13,0.13,928,928,945,929
9168,0,0.00,0.00,0.00,-0.00,-0.00,0.00,0.13,0.00,-0.00,0.00,0.13,0.13,0.13,0.13,928,928,945,929
9178,0,0.00,0.00,0.00,0.00,0.00,0.00,0.13,0.00,-0.00,0.00,0.13,0.13,0.13,0.13,928,928,945,929
9187,0,0.00,0.00,0.00,0.00,0.00,-0.00,0.14,0.00,-0.00,0.00,0.13,0.13,0.14,0.14,929,929,946,930
9201,0,0.00,0.00,0.00,0.00,-0.00,-0.00,0.13,0.00,-0.00,0.00,0.13,0.13,0.13,0.13,928,928,945,929
9209,0,0.00,0.00,0.00,-0.00,-0.00,0.00,0.14,0.00,-0.00,0.00,0.13,0.13,0.14,0.14,929,929,946,930
9218,0,0.00,0.00,0.00,-0.00,-0.00,0.00,0.13,0.00,-0.00,0.00,0.13,0.13,0.13,0.13,928,928,945,929
9228,0,0.00,0.00,0.00,-0.00,-0.00,0.00,0.14,0.00,-0.00,0.00,0.13,0.13,0.14,0.14,929,929,946,930
9238,0,0.00,0.00,0.00,0.00,0.00,0.00,0.13,0.00,-0.00,0.00,0.13,0.13,0.13,0.13,928,928,945,929
9247,0,0.00,0.00,0.00,0.00,0.00,0.00,0.13,0.00,-0.00,0.00,0.13,0.13,0.13,0.13,928,928,945,929
9257,0,0.00,0.00,0.00,0.00,0.00,0.00,0.14,0.00,-0.00,0.00,0.13,0.13,0.14,0.14,929,929,946,930
9267,0,0.00,0.00,0.00,-0.00,-0.00,0.00,0.14,0.00,-0.00,0.00,0.13,0.13,0.14,0.14,929,929,946,930
9277,0,0.00,0.00,0.00,-0.00,-0.00,0.00,0.14,0.00,-0.00,0.00,0.13,0.13,0.14,0.14,929,929,946,930
9287,0,0.00,0.00,0.00,-0.00,0.00,0.00,0.14,0.00,-0.00,0.00,0.13,0.13,0.14,0.14,929,929,946,930
9294,0,0.00,0.00,0.00,0.00,-0.00,-0.00,0.14,0.00,-0.00,0.00,0.14,0.14,0.14,0.14,936,936,953,937
9302,0,0.00,0.00,0.00,0.00,-0.00,-0.00,0.15,0.00,-0.00,0.00,0.15,0.15,0.15,0.15,938,939,956,940
9310,0,0.00,0.00,0.00,0.00,-0.00,-0.00,0.15,0.00,-0.00,0.00,0.15,0.15,0.15,0.15,940,940,957,941
9319,0,0.00,0.00,0.00,-0.00,-0.00,-0.00,0.15,0.00,-0.00,0.00,0.15,0.15,0.15,0.15,940,940,957,941
9328,0,0.00,0.00,0.00,-0.00,-0.00,-0.00,0.15,0.00,-0.00,0.00,0.15,0.15,0.15,0.15,941,941,958,942
9338,0,0.00,0.00,0.00,-0.00,0.00,-0.00,0.15,0.00,-0.00,0.00,0.15,0.15,0.15,0.15,941,941,958,942
9348,0,0.00,0.00,0.00,0.00,0.00,-0.00,0.15,0.00,-0.00,0.00,0.15,0.15,0.15,0.15,941,941,958,942
9357,0,0.00,0.00,0.00,0.00,-0.00,-0.00,0.15,0.00,-0.00,0.00,0.15,0.15,0.15,0.15,941,941,958,942
9367,0,0.00,0.00,0.00,0.00,-0.00,0.00,0.15,0.00,-0.00,0.00,0.15,0.15,0.15,0.15,941,941,958,942
9377,0,0.00,0.00,0.00,-0.00,0.00,0.00,0.15,0.00,-0.00,0.00,0.15,0.15,0.15,0.15,941,941,958,942
9387,0,0.00,0.00,0.00,0.00,0.00,0.00,0.15,0.00,-0.00,0.00,0.15,0.15,0.15,0.15,941,941,958,942
9395,0,0.00,0.00,0.00,-0.00,0.00,0.00,0.15,0.00,-0.00,0.00,0.15,0.15,0.15,0.15,941,941,958,942
9404,0,0.00,0.00,0.00,-0.00,0.00,0.00,0.15,0.00,-0.00,0.00,0.15,0.15,0.15,0.15,941,941,958,942
9411,0,0.00,0.00,0.00,0.00,-0.00,0.00,0.15,0.00,-0.00,0.00,0.15,0.15,0.15,0.15,941,941,958,942
9420,0,0.00,0.00,0.00,-0.00,-0.00,-0.00,0.15,0.00,-0.00,0.00,0.15,0.15,0.15,0.15,941,941,958,942
9429,0,0.00,0.00,0.00,0.00,-0.00,-0.00,0.15,0.00,-0.00,0.00,0.15,0.15,0.15,0.15,941,941,958,942
9439,0,0.00,0.00,0.00,0.00,-0.00,-0.00,0.15,0.00,-0.00,0.00,0.15,0.15,0.15,0.15,941,941,958,942
9448,0,0.00,0.00,0.00,0.00,-0.00,-0.00,0.15,0.00,-0.00,0.00,0.15,0.15,0.15,0.15,941,941,958,942
9458,0,0.00,0.00,0.00,-0.00,-0.00,-0.00,0.15,0.00,-0.00,0.00,0.15,0.15,0.15,0.15,941,941,958,942
9468,0,0.00,0.00,0.00,-0.00,0.00,-0.00,0.15,0.00,-0.00,0.00,0.15,0.15,0.15,0.15,941,941,958,942
9478,0,0.00,0.00,0.00,-0.00,-0.00,0.00,0.15,0.00,-0.00,0.00,0.15,0.15,0.15,0.15,941,941,958,942
9492,0,0.00,0.00,0.00,0.00,0.00,-0.00,0.15,0.00,-0.00,0.00,0.15,0.15,0.15,0.15,941,941,958,942
9500,0,0.00,0.00,0.00,0.00,-0.00,0.00,0.15,0.00,-0.00,0.00,0.15,0.15,0.15,0.15,941,941,958,942
9509,0,0.00,0.00,0.00,0.00,-0.00,0.00,0.15,0.00,-0.00,0.00,0.15,0.15,0.15,0.15,941,941,958,942
9519,0,0.00,0.00,0.00,0.00,-0.00,0.00,0.15,0.00,-0.00,0.00,0.15,0.15,0.15,0.15,941,941,958,942
9529,0,0.00,0.00,0.00,-0.00,-0.00,0.00,0.15,0.00,-0.00,0.00,0.15,0.15,0.15,0.15,941,941,958,942
9539,0,0.00,0.00,0.00,-0.00,0.00,0.00,0.15,0.00,-0.00,0.00,0.15,0.15,0.15,0.15,941,941,958,942
9546,0,0.00,0.00,0.00,-0.00,0.00,-0.00,0.15,0.00,-0.00,0.00,0.15,0.15,0.15,0.15,941,941,958,942
9554,0,0.00,0.00,0.00,0.00,-0.00,-0.00,0.15,0.00,-0.00,0.00,0.15,0.15,0.15,0.15,941,941,958,942
9562,0,0.00,0.00,0.00,0.00,-0.00,-0.00,0.15,0.00,-0.00,0.00,0.15,0.15,0.15,0.15,941,941,958,942
9570,0,0.00,0.00,0.00,0.00,-0.00,-0.00,0.15,0.00,-0.00,0.00,0.15,0.15,0.15,0.15,941,941,958,942
9579,0,0.00,0.00,0.00,0.00,-0.00,0.00,0.15,0.00,-0.00,0.00,0.15,0.15,0.15,0.15,941,942,959,943
9589,0,0.00,0.00,0.00,0.00,-0.00,0.00,0.15,0.00,-0.00,0.00,0.15,0.15,0.15,0.15,941,941,958,942
9596,0,0.00,0.00,0.00,-0.00,0.00,0.00,0.15,0.00,-0.00,0.00,0.15,0.15,0.15,0.15,941,941,958,942
9604,0,0.00,0.00,0.00,-0.00,0.00,0.00,0.15,0.00,-0.00,0.00,0.15,0.15,0.15,0.15,941,941,958,942
9611,0,0.00,0.00,0.00,0.00,0.00,0.00,0.15,0.00,-0.00,0.00,0.15,0.15,0.15,0.15,941,941,958,942
9620,0,0.00,0.00,0.00,0.00,0.00,0.00,0.15,0.00,-0.00,0.00,0.15,0.15,0.15,0.15,941,942,959,943
9629,0,0.00,0.00,0.00,0.00,0.00,0.00,0.15,0.00,-0.00,0.00,0.15,0.15,0.15,0.15,941,942,959,943
9639,0,0.00,0.00,0.00,0.00,0.00,0.00,0.15,0.00,-0.00,0.00,0.15,0.15,0.15,0.15,941,942,959,943
9647,0,0.00,0.00,0.00,0.00,-0.00,0.00,0.15,0.00,-0.00,0.00,0.15,0.15,0.15,0.15,941,942,959,943
9655,0,0.00,0.00,0.00,-0.00,-0.00,-0.00,0.15,0.00,-0.00,0.00,0.15,0.15,0.15,0.15,941,942,959,943
9662,0,0.00,0.00,0.00,0.00,-0.00,-0.00,0.15,0.00,-0.00,0.00,0.15,0.15,0.15,0.15,941,942,959,943
9670,0,0.00,0.00,0.00,0.00,0.00,-0.00,0.15,0.00,-0.00,0.00,0.15,0.15,0.15,0.15,941,942,959,943
9679,0,0.00,0.00,0.00,0.00,0.00,-0.00,0.15,0.00,-0.00,0.00,0.15,0.15,0.15,0.15,941,942,959,943
9689,0,0.00,0.00,0.00,0.00,0.00,-0.00,0.15,0.00,-0.00,0.00,0.15,0.15,0.15,0.15,941,942,959,943
9698,0,0.00,0.00,0.00,-0.00,-0.00,-0.00,0.15,0.00,-0.00,0.00,0.15,0.15,0.15,0.15,941,942,959,943
9708,0,0.00,0.00,0.00,-0.00,0.00,0.00,0.15,0.00,-0.00,0.00,0.15,0.15,0.15,0.15,941,942,959,943
9718,0,0.00,0.00,0.00,-0.00,0.00,0.00,0.15,0.00,-0.00,0.00,0.15,0.15,0.15,0.15,941,942,959,943
9728,0,0.00,0.00,0.00,-0.00,-0.00,0.00,0.15,0.00,-0.00,0.00,0.15,0.15,0.15,0.15,941,942,959,943
9738,0,0.00,0.00,0.00,0.00,0.00,0.00,0.15,0.00,-0.00,0.00,0.15,0.15,0.15,0.15,941,942,959,943
9746,0,0.00,0.00,0.00,0.00,-0.00,0.00,0.15,0.00,-0.00,0.00,0.15,0.15,0.15,0.15,941,942,959,943
9755,0,0.00,0.00,0.00,0.00,-0.00,0.00,0.15,0.00,-0.00,0.00,0.15,0.15,0.15,0.15,941,942,959,943
9770,0,0.00,0.00,0.00,-0.00,0.00,-0.00,0.15,0.00,-0.00,0.00,0.15,0.15,0.15,0.15,941,942,959,943
9779,0,0.00,0.00,0.00,-0.00,0.00,-0.00,0.15,0.00,-0.00,0.00,0.15,0.15,0.15,0.15,941,942,959,943
9789,0,0.00,0.00,0.00,-0.00,0.00,-0.00,0.15,0.00,-0.00,0.00,0.15,0.15,0.15,0.15,941,942,959,943
9797,0,0.00,0.00,0.00,0.00,-0.00,-0.00,0.15,0.00,-0.00,0.00,0.15,0.15,0.15,0.15,941,942,959,943
9805,0,0.00,0.00,0.00,0.00,-0.00,-0.00,0.15,0.00,-0.00,0.00,0.15,0.15,0.15,0.15,941,942,959,944
9813,0,0.00,0.00,0.00,-0.00,-0.00,-0.00,0.15,0.00,-0.00,0.00,0.15,0.15,0.15,0.15,941,942,959,944
9821,0,0.00,0.00,0.00,-0.00,-0.00,-0.00,0.15,0.00,-0.00,0.00,0.15,0.15,0.15,0.15,941,942,959,944
9830,0,0.00,0.00,0.00,-0.00,-0.00,0.00,0.15,0.00,-0.00,0.00,0.15,0.15,0.15,0.15,941,942,959,944
9840,0,0.00,0.00,0.00,-0.00,-0.00,0.00,0.15,0.00,-0.00,0.00,0.15,0.15,0.15,0.15,941,942,959,944
9847,0,0.00,0.00,0.00,-0.00,-0.00,-0.00,0.15,0.00,-0.00,0.00,0.15,0.15,0.15,0.15,941,942,959,944
9855,0,0.00,0.00,0.00,0.00,0.00,-0.00,0.15,0.00,-0.00,0.00,0.15,0.15,0.15,0.15,943,944,961,945
9864,0,0.00,0.00,0.00,0.00,0.00,0.00,0.17,0.00,-0.00,0.00,0.16,0.17,0.17,0.17,953,954,971,956
9871,0,0.00,0.00,0.00,0.00,0.00,-0.00,0.17,0.00,-0.00,0.00,0.16,0.17,0.17,0.17,953,954,971,956
9880,0,0.00,0.00,0.00,-0.00,0.00,0.00,0.17,0.00,-0.00,0.00,0.17,0.17,0.17,0.17,957,957,975,959
9890,0,0.00,0.00,0.00,-0.00,0.00,0.00,0.17,0.00,-0.00,0.00,0.17,0.17,0.17,0.17,958,959,976,961
9900,0,0.00,0.00,0.00,-0.00,-0.00,0.00,0.17,0.00,-0.00,0.00,0.17,0.17,0.17,0.17,958,959,976,961
9909,0,0.00,0.00,0.00,-0.00,-0.00,-0.00,0.17,0.00,-0.00,0.00,0.17,0.17,0.17,0.17,958,959,976,961
9919,0,0.00,0.00,0.00,0.00,0.00,0.00,0.17,0.00,-0.00,0.00,0.17,0.17,0.17,0.17,959,960,977,962
9929,0,0.00,0.00,0.00,0.00,0.00,-0.00,0.17,0.00,-0.00,0.00,0.17,0.17,0.17,0.17,959,960,977,962
9938,0,0.00,0.00,0.00,-0.00,-0.00,-0.00,0.17,0.00,-0.00,0.00,0.17,0.17,0.17,0.17,959,960,977,962
9946,0,0.00,0.00,0.00,-0.00,-0.00,-0.00,0.17,0.00,-0.00,0.00,0.17,0.17,0.17,0.17,959,960,977,962
9959,0,0.00,0.00,0.00,-0.00,-0.00,-0.00,0.17,0.00,-0.00,0.00,0.17,0.17,0.17,0.17,959,960,977,962
9968,0,0.00,0.00,0.00,0.00,0.00,0.00,0.17,0.00,-0.00,0.00,0.17,0.17,0.17,0.17,959,960,977,962
9978,0,0.00,0.00,0.00,0.00,0.00,0.00,0.17,0.00,-0.00,0.00,0.17,0.17,0.17,0.17,959,960,977,962
9988,0,0.00,0.00,0.00,0.00,0.00,0.00,0.17,0.00,-0.00,0.00,0.17,0.17,0.17,0.17,959,960,977,962
9995,0,0.00,0.00,0.00,-0.00,0.00,0.00,0.17,0.00,-0.00,0.00,0.17,0.17,0.17,0.18,960,961,978,963
10003,0,0.00,0.00,0.00,-0.00,-0.00,0.00,0.17,0.00,-0.00,0.00,0.17,0.17,0.17,0.18,960,961,978,963
10011,0,0.00,0.00,0.00,-0.00,0.00,0.00,0.17,0.00,-0.00,0.00,0.17,0.17,0.17,0.18,960,961,978,963
10020,0,-0.00,0.00,0.00,-0.00,0.00,0.00,0.17,0.00,-0.00,0.00,0.17,0.17,0.17,0.18,960,961,978,963
10030,0,-0.00,0.00,0.00,0.00,-0.00,0.00,0.17,0.00,-0.00,0.00,0.17,0.17,0.18,0.18,961,962,979,963
10043,0,0.00,0.00,0.00,-0.00,-0.00,-0.00,0.17,0.00,-0.00,0.00,0.17,0.17,0.18,0.18,961,962,979,963
10051,0,0.00,0.00,0.00,-0.00,0.00,-0.00,0.17,0.00,-0.00,0.00,0.17,0.17,0.18,0.18,961,962,979,963
10060,0,0.00,0.00,0.00,-0.00,0.00,-0.00,0.17,0.00,-0.00,0.00,0.17,0.17,0.18,0.18,961,962,979,964
10070,0,0.00,0.00,0.00,-0.00,0.00,-0.00,0.17,0.00,-0.00,0.00,0.17,0.17,0.18,0.18,960,962,979,964
10080,0,0.00,0.00,0.00,-0.00,0.00,-0.00,0.17,0.00,-0.00,0.00,0.17,0.17,0.18,0.18,960,962,979,964
10090,0,0.00,0.00,0.00,0.00,-0.00,-0.00,0.17,0.00,-0.00,0.00,0.17,0.17,0.18,0.18,960,962,979,964
10099,0,0.00,0.00,0.00,-0.00,-0.00,-0.00,0.17,0.00,-0.00,0.00,0.17,0.17,0.18,0.18,960,962,979,964
10109,0,0.00,0.00,0.00,-0.00,-0.00,0.00,0.17,0.00,-0.00,0.00,0.17,0.17,0.18,0.18,960,962,979,964
10119,0,0.00,0.00,0.00,-0.00,0.00,0.00,0.17,0.00,-0.00,0.00,0.17,0.17,0.18,0.18,960,962,979,964
10128,0,0.00,0.00,0.00,0.00,0.00,0.00,0.17,0.00,-0.00,0.00,0.17,0.17,0.18,0.18,960,962,979,964
10138,0,0.00,0.00,0.00,0.00,0.00,0.00,0.17,0.00,-0.00,0.00,0.17,0.17,0.18,0.18,960,962,979,964
10146,0,0.00,0.00,0.00,0.00,0.00,0.00,0.17,0.00,-0.00,0.00,0.17,0.17,0.18,0.18,960,962,979,964
10154,0,0.00,0.00,0.00,-0.00,-0.00,0.00,0.17,0.00,-0.00,0.00,0.17,0.17,0.18,0.18,960,962,979,964
10161,0,-0.00,0.00,0.00,-0.00,-0.00,0.00,0.17,0.00,-0.00,0.00,0.17,0.17,0.18,0.18,960,962,979,964
10171,0,-0.00,0.00,0.00,-0.00,0.00,-0.00,0.17,0.00,-0.00,0.00,0.17,0.17,0.18,0.18,960,962,979,964
10180,0,-0.00,0.00,0.00,-0.00,0.00,-0.00,0.17,0.00,-0.00,0.00,0.17,0.17,0.18,0.18,960,962,979,964
10190,0,-0.00,0.00,0.00,0.00,-0.00,-0.00,0.17,0.00,-0.00,0.00,0.17,0.17,0.18,0.18,960,962,979,964
10200,0,0.00,0.00,0.00,0.00,-0.00,-0.00,0.17,0.00,-0.00,0.00,0.17,0.17,0.18,0.18,960,962,979,964
10210,0,0.00,0.00,0.00,0.00,-0.00,-0.00,0.17,0.00,-0.00,0.00,0.17,0.17,0.18,0.18,960,962,979,964
10220,0,0.00,0.00,0.00,-0.00,0.00,-0.00,0.18,0.00,-0.00,0.00,0.17,0.18,0.18,0.18,961,963,979,964
10229,0,0.00,0.00,0.00,-0.00,0.00,-0.00,0.17,0.00,-0.00,0.00,0.17,0.17,0.18,0.18,960,962,979,964
10239,0,0.00,0.00,0.00,0.00,0.00,-0.00,0.18,0.00,-0.00,0.00,0.17,0.18,0.18,0.18,961,963,979,964
10247,0,0.00,0.00,0.00,0.00,-0.00,0.00,0.18,0.00,-0.00,0.00,0.17,0.18,0.18,0.18,961,963,979,964
10255,0,0.00,0.00,0.00,-0.00,-0.00,0.00,0.18,0.00,-0.00,0.00,0.17,0.18,0.18,0.18,961,963,979,964
10263,0,-0.00,0.00,0.00,-0.00,-0.00,0.00,0.18,0.00,-0.00,0.00,0.17,0.18,0.18,0.18,961,963,979,964
10271,0,-0.00,0.00,0.00,-0.00,0.00,0.00,0.18,0.00,-0.00,0.00,0.17,0.18,0.18,0.18,961,963,979,964
10281,0,-0.00,0.00,0.00,-0.00,0.00,0.00,0.18,0.00,-0.00,0.00,0.18,0.18,0.18,0.18,962,964,980,965
10291,0,-0.00,0.00,0.00,-0.00,-0.00,0.00,0.18,0.00,-0.00,0.00,0.18,0.18,0.18,0.18,963,964,981,966
10298,0,-0.00,0.00,0.00,0.00,0.00,0.00,0.18,0.00,-0.00,0.00,0.18,0.18,0.18,0.18,964,966,983,968
10306,0,-0.00,0.00,0.00,0.00,-0.00,0.00,0.18,0.00,-0.00,0.00,0.18,0.18,0.18,0.18,964,966,983,968
10314,0,-0.00,0.00,0.00,0.00,0.00,-0.00,0.18,0.00,-0.00,0.00,0.18,0.18,0.18,0.18,964,966,983,968
10329,0,-0.00,0.00,0.00,-0.00,0.00,-0.00,0.18,0.00,-0.00,0.00,0.18,0.18,0.18,0.18,964,966,983,968
10339,0,-0.00,0.00,0.00,-0.00,0.00,-0.00,0.19,0.00,-0.00,0.00,0.19,0.19,0.19,0.19,973,975,992,977
10347,0,-0.00,0.00,0.00,-0.00,-0.00,-0.00,0.19,0.00,-0.00,0.00,0.19,0.19,0.19,0.19,973,975,992,977
10354,0,0.00,0.00,0.00,0.00,-0.00,-0.00,0.19,0.00,-0.00,0.00,0.19,0.19,0.19,0.19,973,975,992,977
10362,0,0.00,0.00,0.00,-0.00,-0.00,-0.00,0.19,0.00,-0.00,0.00,0.19,0.19,0.19,0.20,975,977,993,978
10371,0,0.00,0.00,0.00,-0.00,-0.00,-0.00,0.19,0.00,-0.00,0.00,0.19,0.19,0.19,0.20,975,977,993,978
10381,0,0.00,0.00,0.00,-0.00,-0.00,0.00,0.19,0.00,-0.00,0.00,0.19,0.19,0.19,0.20,975,977,993,978
10390,0,0.00,0.00,0.00,0.00,0.00,0.00,0.19,0.00,-0.00,0.00,0.19,0.19,0.19,0.20,975,977,993,978
10400,0,0.00,0.00,0.00,0.00,0.00,0.00,0.19,0.00,-0.00,0.00,0.19,0.19,0.19,0.20,976,978,994,979
10408,0,-0.00,0.00,0.00,0.00,0.00,0.00,0.19,0.00,-0.00,0.00,0.19,0.19,0.20,0.20,977,978,995,980
10418,0,-0.00,0.00,0.00,-0.00,-0.00,0.00,0.19,0.00,-0.00,0.00,0.19,0.20,0.19,0.20,977,978,995,980
10427,0,-0.00,0.00,0.00,-0.00,-0.00,0.00,0.20,0.00,-0.00,0.00,0.19,0.20,0.20,0.20,978,979,996,981
10436,0,-0.00,0.00,0.00,-0.00,-0.00,0.00,0.20,0.00,-0.00,0.00,0.19,0.20,0.20,0.20,978,980,996,982
10444,0,-0.00,0.00,0.00,0.00,-0.00,0.00,0.20,0.00,-0.00,0.00,0.19,0.20,0.20,0.20,978,980,996,982
10452,0,-0.00,0.00,0.00,0.00,0.00,0.00,0.20,0.00,-0.00,0.00,0.19,0.20,0.20,0.20,978,980,996,982
10461,0,-0.00,0.00,0.00,-0.00,0.00,0.00,0.20,0.00,-0.00,0.00,0.19,0.20,0.20,0.20,978,980,996,982
10471,0,-0.00,0.00,0.00,-0.00,0.00,0.00,0.20,0.00,-0.00,0.00,0.19,0.20,0.20,0.20,978,980,996,982
10481,0,-0.00,0.00,0.00,-0.00,0.00,0.00,0.20,0.00,-0.00,0.00,0.20,0.20,0.20,0.20,978,980,996,982
10491,0,-0.00,0.00,0.00,-0.00,0.00,0.00,0.20,0.00,-0.00,0.00,0.20,0.20,0.20,0.20,981,983,999,984
10498,0,-0.00,0.00,0.00,0.00,-0.00,0.00,0.20,0.00,-0.00,0.00,0.20,0.20,0.20,0.20,981,983,999,984
10508,0,-0.00,0.00,0.00,0.00,-0.00,-0.00,0.20,0.00,-0.00,0.00,0.20,0.20,0.20,0.20,981,983,999,984
10518,0,-0.00,0.00,0.00,-0.00,-0.00,-0.00,0.20,0.00,-0.00,0.00,0.20,0.20,0.20,0.20,981,983,999,984
10528,0,-0.00,0.00,0.00,-0.00,-0.00,-0.00,0.20,0.00,-0.00,0.00,0.20,0.20,0.20,0.20,981,983,999,984
10537,0,-0.00,0.00,0.00,-0.00,-0.00,-0.00,0.20,0.00,-0.00,0.00,0.20,0.20,0.20,0.20,981,983,999,984
10544,0,-0.00,0.00,0.00,-0.00,-0.00,-0.00,0.20,0.00,-0.00,0.00,0.20,0.20,0.20,0.20,981,983,999,984
10552,0,-0.00,0.00,0.00,-0.00,0.00,-0.00,0.20,0.00,-0.00,0.00,0.20,0.20,0.20,0.20,981,983,999,984
10561,0,-0.00,0.00,0.00,-0.00,0.00,-0.00,0.20,0.00,-0.00,0.00,0.20,0.20,0.20,0.20,981,983,999,984
10571,0,-0.00,0.00,0.00,0.00,0.00,-0.00,0.20,0.00,-0.00,0.00,0.20,0.20,0.20,0.20,981,983,999,984
10581,0,-0.00,0.00,0.00,0.00,0.00,0.00,0.20,0.00,-0.00,0.00,0.20,0.20,0.20,0.20,981,983,999,984
10591,0,-0.00,0.00,0.00,0.00,0.00,0.00,0.20,0.00,-0.00,0.00,0.20,0.20,0.20,0.20,982,984,999,985
10598,0,-0.00,0.00,0.00,-0.00,-0.00,0.00,0.20,0.00,-0.00,0.00,0.20,0.20,0.20,0.20,982,984,999,985
10612,0,-0.00,0.00,0.00,-0.00,-0.00,0.00,0.20,0.00,-0.00,0.00,0.20,0.20,0.20,0.20,982,984,999,985
10622,0,-0.00,0.00,0.00,0.00,-0.00,0.00,0.20,0.00,-0.00,0.00,0.20,0.20,0.20,0.20,982,984,999,985
10631,0,-0.00,0.00,0.00,0.00,-0.00,0.00,0.20,0.00,-0.00,0.00,0.20,0.20,0.20,0.20,982,984,999,985
10641,0,-0.00,0.00,0.00,0.00,-0.00,0.00,0.20,0.00,-0.00,0.00,0.20,0.20,0.20,0.20,982,984,999,985
10649,0,-0.00,0.00,0.00,-0.00,-0.00,0.00,0.22,0.00,-0.00,0.00,0.22,0.22,0.22,0.22,996,998,1013,999
10657,0,-0.00,0.00,0.00,-0.00,-0.00,0.00,0.22,0.00,-0.00,0.00,0.22,0.22,0.22,0.22,997,999,1015,1000
10665,0,-0.00,0.00,0.00,-0.00,0.00,0.00,0.22,0.00,-0.00,0.00,0.22,0.22,0.22,0.22,998,1000,1015,1001
10673,0,-0.00,0.00,0.00,-0.00,0.00,-0.00,0.22,0.00,-0.00,0.00,0.22,0.22,0.22,0.22,998,1000,1015,1001
10682,0,-0.00,0.00,0.00,0.00,-0.00,-0.00,0.22,0.00,-0.00,0.00,0.22,0.22,0.22,0.22,999,1001,1016,1002
10691,0,-0.00,0.00,0.00,0.00,-0.00,-0.00,0.22,0.00,-0.00,0.00,0.22,0.22,0.22,0.22,1000,1002,1017,1003
10699,0,-0.00,0.00,0.00,-0.00,-0.00,-0.00,0.22,0.00,-0.00,0.00,0.22,0.22,0.22,0.22,1000,1002,1017,1003
10706,0,-0.00,0.00,0.00,-0.00,0.00,-0.00,0.22,0.00,-0.00,0.00,0.22,0.22,0.22,0.22,1000,1002,1017,1003
10714,0,-0.00,0.00,0.00,-0.00,0.00,-0.00,0.22,0.00,-0.00,0.00,0.22,0.22,0.22,0.22,1000,1002,1017,1003
10723,0,-0.00,0.00,0.00,0.00,0.00,-0.00,0.22,0.00,-0.00,0.00,0.22,0.22,0.22,0.22,1000,1002,1017,1003
10732,0,-0.00,0.00,0.00,0.00,0.00,-0.00,0.22,0.00,-0.00,0.00,0.22,0.22,0.22,0.22,1000,1002,1017,1003
10742,0,-0.00,0.00,0.00,0.00,-0.00,0.00,0.22,0.00,-0.00,0.00,0.22,0.22,0.22,0.22,1000,1002,1017,1003
10749,0,-0.00,0.00,0.00,-0.00,-0.00,0.00,0.22,0.00,-0.00,0.00,0.22,0.22,0.22,0.23,1001,1003,1018,1004
10757,0,-0.00,0.00,0.00,-0.00,-0.00,0.00,0.22,0.00,-0.00,0.00,0.22,0.22,0.22,0.23,1001,1003,1018,1004
10764,0,-0.00,0.00,0.00,-0.00,-0.00,0.00,0.22,0.00,-0.00,0.00,0.22,0.23,0.22,0.23,1001,1003,1018,1004
10773,0,-0.00,0.00,0.00,-0.00,-0.00,0.00,0.22,0.00,-0.00,0.00,0.22,0.23,0.22,0.23,1001,1003,1018,1004
10782,0,-0.00,0.00,0.00,-0.00,-0.00,0.00,0.22,0.00,-0.00,0.00,0.22,0.23,0.22,0.23,1001,1003,1018,1004
10792,0,-0.00,0.00,0.00,-0.00,-0.00,0.00,0.22,0.00,-0.00,0.00,0.22,0.23,0.22,0.23,1001,1003,1018,1004
10799,0,-0.00,0.00,0.00,-0.00,-0.00,0.00,0.22,0.00,-0.00,0.00,0.22,0.23,0.22,0.23,1001,1003,1017,1004
10807,0,-0.00,0.00,0.00,-0.00,-0.00,0.00,0.22,0.00,-0.00,0.00,0.22,0.23,0.22,0.23,1001,1003,1017,1004
10815,0,-0.00,0.00,0.00,-0.00,-0.00,0.00,0.22,0.00,-0.00,0.00,0.22,0.23,0.22,0.23,1001,1003,1017,1004
10823,0,-0.00,0.00,0.00,-0.00,-0.00,0.00,0.22,0.00,-0.00,0.00,0.22,0.23,0.22,0.23,1001,1003,1017,1004
10832,0,-0.01,0.00,0.01,-0.00,-0.00,0.00,0.22,0.00,-0.00,0.00,0.22,0.23,0.22,0.23,1001,1004,1017,1004
10842,0,-0.01,0.00,0.01,-0.00,-0.00,0.00,0.22,-0.00,-0.00,0.00,0.22,0.23,0.22,0.23,1001,1004,1017,1004
10850,0,-0.02,0.00,0.01,-0.00,-0.00,0.00,0.22,-0.00,-0.00,0.00,0.22,0.23,0.22,0.23,1001,1004,1017,1003
10857,0,-0.02,0.00,0.02,-0.00,-0.00,0.00,0.22,-0.00,-0.00,0.00,0.22,0.23,0.22,0.23,1001,1004,1017,1003
10865,0,-0.02,0.00,0.02,-0.00,-0.00,0.00,0.22,-0.00,-0.00,0.00,0.22,0.23,0.22,0.23,1001,1004,1016,1003
10881,0,-0.02,0.00,0.02,-0.00,-0.00,0.00,0.22,-0.00,-0.00,0.00,0.22,0.23,0.22,0.23,1001,1004,1016,1003
10891,0,-0.02,0.00,0.02,-0.00,-0.00,0.00,0.22,-0.00,-0.00,0.00,0.22,0.23,0.22,0.23,1001,1005,1016,1003
10899,0,-0.03,0.01,0.03,-0.00,-0.00,0.00,0.22,-0.00,-0.00,0.00,0.22,0.23,0.22,0.23,1001,1005,1016,1003
10906,0,-0.03,0.01,0.03,-0.00,-0.00,0.00,0.22,-0.00,-0.00,0.00,0.22,0.23,0.22,0.23,1001,1005,1016,1003
10914,0,-0.03,0.02,0.03,-0.00,-0.00,0.00,0.22,-0.00,-0.00,0.00,0.22,0.23,0.22,0.23,1001,1005,1015,1003
10923,0,-0.03,0.02,0.03,-0.00,-0.00,0.00,0.22,-0.00,-0.00,0.00,0.22,0.23,0.22,0.23,1001,1006,1015,1003
10932,0,-0.03,0.02,0.04,-0.00,-0.00,0.00,0.22,-0.00,-0.00,0.00,0.22,0.23,0.22,0.23,1001,1006,1015,1003
10942,0,-0.03,0.02,0.04,-0.00,-0.00,0.00,0.22,-0.00,-0.00,0.00,0.22,0.23,0.22,0.23,1001,1006,1014,1003
10950,0,-0.03,0.02,0.04,-0.00,-0.00,0.00,0.22,-0.00,-0.00,0.00,0.22,0.23,0.22,0.22,1001,1007,1014,1003
10958,0,-0.04,0.02,0.05,-0.00,-0.00,0.00,0.22,-0.00,-0.00,0.00,0.22,0.23,0.22,0.23,1001,1007,1014,1003
10966,0,-0.04,0.03,0.05,-0.00,-0.00,0.00,0.22,-0.00,-0.00,0.00,0.22,0.23,0.22,0.23,1001,1007,1013,1003
10973,0,-0.04,0.03,0.06,-0.00,-0.00,0.00,0.22,-0.00,-0.00,0.00,0.22,0.23,0.22,0.23,1001,1008,1013,1003
10983,0,-0.04,0.03,0.06,-0.00,-0.00,0.00,0.22,-0.00,-0.00,0.00,0.22,0.23,0.22,0.23,1001,1008,1013,1003
10992,0,-0.04,0.03,0.06,-0.00,-0.00,0.00,0.22,-0.00,-0.00,0.00,0.22,0.23,0.22,0.23,1001,1008,1012,1003
11000,0,-0.04,0.03,0.07,-0.00,-0.00,0.00,0.22,-0.00,-0.00,0.00,0.22,0.23,0.22,0.23,1001,1009,1012,1003
11008,0,-0.04,0.04,0.07,-0.00,-0.00,-0.00,0.22,-0.00,-0.00,0.00,0.22,0.23,0.22,0.23,1001,1009,1011,1003
11016,0,-0.04,0.04,0.08,-0.01,-0.00,-0.00,0.22,-0.00,-0.00,0.00,0.22,0.23,0.21,0.23,1001,1010,1011,1003
11023,0,-0.03,0.04,0.08,-0.00,-0.00,-0.00,0.22,-0.00,-0.00,0.00,0.22,0.23,0.21,0.23,1001,1010,1011,1003
11033,0,-0.03,0.04,0.08,-0.00,-0.00,-0.00,0.22,-0.00,-0.00,0.00,0.22,0.23,0.21,0.23,1001,1010,1010,1003
11042,0,-0.03,0.04,0.09,-0.00,-0.00,-0.00,0.22,-0.00,-0.00,0.00,0.22,0.23,0.21,0.23,1001,1011,1010,1003
11050,0,-0.03,0.04,0.09,-0.01,-0.00,-0.00,0.22,-0.00,-0.00,0.00,0.22,0.24,0.21,0.23,1001,1012,1010,1004
11058,0,-0.03,0.05,0.10,-0.01,-0.00,-0.00,0.22,-0.00,-0.00,0.00,0.22,0.24,0.21,0.23,1000,1011,1009,1004
11065,0,-0.03,0.05,0.11,-0.01,-0.00,-0.00,0.22,-0.00,-0.00,0.00,0.22,0.24,0.21,0.23,1000,1012,1009,1004
11073,0,-0.03,0.05,0.11,-0.01,-0.00,-0.00,0.22,-0.00,-0.00,0.00,0.22,0.24,0.21,0.23,1001,1013,1009,1005
11083,0,-0.02,0.05,0.11,-0.01,-0.00,-0.00,0.22,-0.00,-0.00,0.00,0.22,0.24,0.21,0.23,1001,1013,1009,1005
11092,0,-0.02,0.06,0.12,-0.01,-0.00,-0.01,0.22,-0.00,-0.00,0.00,0.22,0.24,0.21,0.23,999,1013,1008,1005
11100,0,-0.01,0.06,0.13,-0.01,-0.00,-0.00,0.22,-0.00,-0.00,0.00,0.22,0.24,0.21,0.23,999,1013,1007,1005
11108,0,-0.00,0.06,0.14,-0.01,-0.00,-0.00,0.22,-0.00,-0.00,0.00,0.22,0.24,0.21,0.23,998,1014,1007,1006
11115,0,0.00,0.07,0.14,-0.01,-0.00,-0.01,0.22,-0.00,-0.01,0.00,0.22,0.24,0.21,0.23,998,1014,1007,1006
11124,0,0.00,0.07,0.15,-0.01,-0.00,-0.00,0.22,-0.00,-0.01,0.00,0.22,0.24,0.21,0.23,997,1014,1006,1007
11133,0,0.00,0.07,0.15,-0.01,-0.00,-0.00,0.22,-0.00,-0.01,0.00,0.22,0.24,0.21,0.23,997,1015,1006,1007
11146,0,0.02,0.08,0.17,-0.01,-0.00,-0.00,0.22,-0.00,-0.01,0.00,0.22,0.24,0.21,0.23,997,1016,1007,1009
11154,0,0.02,0.08,0.17,-0.01,-0.00,-0.00,0.22,-0.00,-0.01,0.00,0.22,0.24,0.21,0.23,996,1016,1006,1010
11163,0,0.02,0.08,0.17,-0.01,-0.00,-0.00,0.22,-0.00,-0.01,0.00,0.22,0.24,0.21,0.23,996,1016,1006,1010
11172,0,0.02,0.08,0.18,-0.00,-0.00,0.00,0.22,-0.00,-0.01,0.00,0.22,0.24,0.21,0.23,995,1017,1006,1011
11182,0,0.02,0.08,0.18,-0.00,-0.00,0.00,0.22,-0.00,-0.01,0.00,0.22,0.24,0.21,0.23,995,1017,1005,1011
11192,0,0.02,0.09,0.19,-0.00,-0.00,0.00,0.22,-0.00,-0.01,0.00,0.21,0.24,0.21,0.24,994,1017,1005,1012
11200,0,0.02,0.09,0.19,-0.00,-0.00,0.00,0.22,-0.00,-0.01,0.00,0.21,0.24,0.21,0.24,994,1018,1005,1012
11208,0,0.02,0.09,0.20,-0.00,-0.00,0.00,0.22,-0.00,-0.02,0.00,0.21,0.24,0.21,0.24,993,1018,1004,1013
11215,0,0.02,0.09,0.20,-0.01,-0.00,0.00,0.22,-0.00,-0.02,0.00,0.21,0.24,0.21,0.24,993,1018,1004,1013
11224,0,0.02,0.09,0.20,-0.01,-0.00,0.00,0.22,-0.00,-0.02,0.00,0.21,0.24,0.21,0.24,992,1019,1004,1013
11233,0,0.02,0.09,0.21,-0.01,-0.00,0.00,0.22,-0.00,-0.02,0.00,0.21,0.24,0.21,0.24,992,1019,1003,1014
11243,0,0.02,0.09,0.22,-0.01,-0.00,0.00,0.22,-0.00,-0.02,0.00,0.21,0.25,0.20,0.24,991,1019,1003,1014
11251,0,0.02,0.09,0.22,-0.01,-0.00,0.00,0.22,-0.00,-0.02,0.00,0.21,0.25,0.20,0.24,991,1020,1003,1015
11258,0,0.02,0.09,0.23,-0.01,-0.00,0.00,0.22,-0.00,-0.02,0.00,0.21,0.25,0.20,0.24,990,1020,1002,1015
11266,0,0.02,0.09,0.24,-0.01,-0.00,0.00,0.22,-0.00,-0.02,0.00,0.21,0.25,0.20,0.24,990,1020,1002,1016
11274,0,0.02,0.09,0.25,-0.01,-0.00,0.00,0.22,-0.00,-0.02,0.00,0.21,0.25,0.20,0.24,990,1021,1002,1016
11283,0,0.02,0.09,0.25,-0.01,0.00,0.00,0.22,-0.00,-0.02,0.00,0.21,0.25,0.20,0.24,989,1021,1001,1017
11293,0,0.02,0.09,0.25,-0.01,0.00,0.00,0.22,-0.00,-0.02,0.00,0.21,0.25,0.20,0.24,989,1021,1001,1017
11301,0,0.02,0.09,0.26,-0.01,-0.00,0.00,0.22,-0.00,-0.02,0.00,0.21,0.25,0.20,0.24,988,1022,1001,1018
11308,0,0.02,0.09,0.27,-0.02,0.00,0.00,0.22,-0.00,-0.02,0.00,0.21,0.25,0.20,0.24,987,1021,999,1017
11316,0,0.02,0.09,0.28,-0.02,0.00,0.00,0.22,-0.00,-0.02,0.00,0.20,0.25,0.20,0.24,986,1022,999,1018
11324,0,0.02,0.09,0.29,-0.02,0.00,0.00,0.22,-0.00,-0.02,0.00,0.21,0.25,0.20,0.24,987,1023,1000,1019
11333,0,0.02,0.09,0.29,-0.02,0.00,0.00,0.22,-0.00,-0.02,0.00,0.20,0.25,0.20,0.25,986,1023,999,1020
11343,0,0.02,0.08,0.30,-0.02,0.00,0.00,0.22,-0.00,-0.02,0.00,0.20,0.25,0.20,0.25,986,1023,999,1020
11351,0,0.01,0.08,0.31,-0.02,0.00,0.00,0.22,-0.00,-0.02,0.00,0.20,0.25,0.20,0.25,986,1024,999,1020
11359,0,0.01,0.08,0.32,-0.02,0.00,0.00,0.22,-0.00,-0.02,0.00,0.20,0.25,0.20,0.25,985,1024,999,1021
11366,0,0.01,0.08,0.33,-0.02,0.00,0.00,0.22,-0.00,-0.02,0.00,0.20,0.25,0.20,0.25,985,1024,998,1021
11374,0,0.01,0.08,0.33,-0.02,0.00,0.00,0.22,-0.00,-0.02,0.00,0.20,0.25,0.20,0.25,984,1024,998,1021
11383,0,0.01,0.07,0.34,-0.02,0.00,0.00,0.22,-0.00,-0.02,0.00,0.20,0.25,0.20,0.25,984,1024,998,1022
11393,0,0.00,0.07,0.35,-0.02,0.00,0.00,0.22,-0.00,-0.02,0.00,0.20,0.25,0.20,0.25,984,1025,998,1022
11409,0,0.00,0.06,0.37,-0.02,0.00,0.00,0.22,-0.00,-0.02,0.00,0.20,0.25,0.20,0.25,984,1025,998,1022
11418,0,0.00,0.05,0.38,-0.02,0.01,0.00,0.22,-0.00,-0.02,0.00,0.20,0.25,0.20,0.25,984,1025,998,1022
11425,0,-0.00,0.05,0.40,-0.02,0.01,0.00,0.22,-0.00,-0.02,0.00,0.20,0.25,0.20,0.25,984,1025,997,1022
11434,0,-0.00,0.05,0.40,-0.02,0.01,0.00,0.22,-0.00,-0.03,0.00,0.20,0.25,0.20,0.25,984,1025,997,1022
11443,0,-0.00,0.04,0.41,-0.02,0.01,0.00,0.22,-0.00,-0.03,0.00,0.20,0.25,0.20,0.25,984,1025,997,1022
11451,0,-0.01,0.03,0.42,-0.02,0.01,0.00,0.22,-0.00,-0.02,0.00,0.20,0.25,0.20,0.25,984,1025,997,1022
11459,0,-0.02,0.02,0.44,-0.02,0.01,0.00,0.22,-0.00,-0.02,0.00,0.20,0.25,0.20,0.25,985,1025,997,1021
11467,0,-0.02,0.02,0.45,-0.02,0.02,0.00,0.22,-0.00,-0.02,0.00,0.20,0.25,0.20,0.25,985,1025,997,1021
11475,0,-0.03,0.00,0.46,-0.02,0.02,0.01,0.22,-0.00,-0.02,0.00,0.20,0.25,0.20,0.25,985,1025,997,1020
11484,0,-0.03,0.00,0.46,-0.03,0.02,0.01,0.22,-0.00,-0.02,0.00,0.20,0.25,0.20,0.25,986,1025,997,1020
11493,0,-0.03,-0.00,0.48,-0.03,0.02,0.01,0.22,-0.00,-0.02,0.00,0.20,0.25,0.20,0.25,986,1025,997,1020
11501,0,-0.04,-0.01,0.49,-0.03,0.02,0.01,0.22,-0.00,-0.02,0.00,0.21,0.25,0.20,0.24,987,1025,997,1019
11509,0,-0.04,-0.02,0.51,-0.03,0.02,0.01,0.23,-0.00,-0.02,0.00,0.21,0.25,0.20,0.25,988,1026,998,1019
11517,0,-0.05,-0.03,0.52,-0.03,0.02,0.01,0.23,-0.00,-0.02,0.00,0.21,0.25,0.20,0.24,989,1026,998,1019
11525,0,-0.06,-0.04,0.54,-0.03,0.02,0.01,0.23,-0.00,-0.02,0.00,0.21,0.25,0.20,0.24,990,1026,998,1018
11534,0,-0.06,-0.04,0.54,-0.03,0.01,0.00,0.23,-0.00,-0.02,0.00,0.21,0.25,0.20,0.24,990,1026,998,1017
11544,0,-0.06,-0.04,0.55,-0.03,0.01,0.00,0.23,-0.00,-0.02,0.00,0.22,0.26,0.21,0.25,996,1031,1003,1021
11551,0,-0.07,-0.05,0.57,-0.03,0.00,0.00,0.23,-0.00,-0.02,0.00,0.22,0.26,0.21,0.25,998,1032,1005,1022
11559,0,-0.07,-0.05,0.58,-0.03,0.00,-0.00,0.23,-0.00,-0.02,0.00,0.22,0.26,0.21,0.25,999,1032,1005,1022
11567,0,-0.07,-0.05,0.60,-0.03,0.00,-0.00,0.23,-0.00,-0.02,0.00,0.22,0.26,0.21,0.25,999,1033,1005,1021
11575,0,-0.06,-0.05,0.61,-0.03,-0.00,-0.00,0.23,-0.00,-0.02,0.00,0.22,0.26,0.21,0.25,1000,1033,1004,1021
11584,0,-0.06,-0.05,0.61,-0.03,-0.00,-0.00,0.23,-0.00,-0.02,0.00,0.22,0.26,0.21,0.25,1000,1033,1004,1020
11594,0,-0.06,-0.04,0.63,-0.03,-0.00,-0.00,0.24,-0.00,-0.02,0.00,0.22,0.26,0.21,0.25,1002,1034,1006,1022
11601,0,-0.06,-0.04,0.65,-0.03,-0.00,-0.00,0.24,-0.00,-0.02,0.00,0.22,0.26,0.21,0.25,1003,1035,1006,1021
11609,0,-0.05,-0.04,0.66,-0.03,-0.00,-0.00,0.24,-0.00,-0.02,0.00,0.23,0.26,0.21,0.25,1003,1035,1006,1021
11617,0,-0.05,-0.04,0.68,-0.03,-0.00,-0.00,0.24,-0.00,-0.02,0.00,0.23,0.26,0.21,0.25,1003,1035,1006,1021
11625,0,-0.04,-0.04,0.70,-0.03,-0.00,-0.01,0.24,-0.00,-0.02,0.00,0.23,0.26,0.21,0.25,1004,1035,1006,1020
11634,0,-0.04,-0.04,0.70,-0.03,-0.00,-0.01,0.24,-0.00,-0.02,0.00,0.23,0.26,0.21,0.25,1005,1035,1006,1021
11644,0,-0.04,-0.03,0.72,-0.03,-0.00,-0.01,0.24,-0.00,-0.02,0.00,0.23,0.26,0.21,0.25,1005,1035,1007,1021
11652,0,-0.03,-0.03,0.74,-0.03,-0.00,-0.01,0.24,-0.00,-0.02,0.00,0.23,0.26,0.21,0.25,1005,1035,1007,1021
11659,0,-0.02,-0.03,0.76,-0.03,-0.00,-0.01,0.24,-0.00,-0.02,0.00,0.23,0.26,0.21,0.25,1005,1035,1007,1020
11674,0,-0.02,-0.03,0.77,-0.03,-0.00,-0.01,0.24,-0.00,-0.02,0.00,0.23,0.26,0.21,0.25,1005,1035,1007,1020
11684,0,-0.01,-0.03,0.79,-0.03,-0.00,-0.01,0.24,-0.00,-0.02,0.00,0.23,0.26,0.21,0.25,1005,1035,1007,1020
11694,0,-0.00,-0.03,0.81,-0.04,-0.00,-0.01,0.24,-0.00,-0.02,0.00,0.23,0.26,0.21,0.25,1005,1035,1007,1020
11702,0,0.00,-0.03,0.83,-0.04,-0.00,-0.01,0.24,-0.00,-0.02,0.00,0.23,0.26,0.21,0.25,1005,1035,1007,1020
11709,0,0.01,-0.03,0.86,-0.04,-0.00,-0.02,0.24,-0.00,-0.02,0.00,0.23,0.26,0.21,0.25,1006,1035,1008,1021
11717,0,0.02,-0.03,0.88,-0.04,-0.00,-0.02,0.24,-0.00,-0.02,0.00,0.23,0.26,0.21,0.25,1006,1035,1009,1021
11725,0,0.03,-0.03,0.90,-0.04,-0.00,-0.02,0.24,-0.00,-0.02,0.00,0.23,0.26,0.21,0.25,1007,1035,1010,1022
11734,0,0.03,-0.03,0.90,-0.04,0.00,-0.02,0.24,-0.00,-0.02,0.00,0.23,0.27,0.21,0.25,1007,1036,1011,1023
11744,0,0.04,-0.03,0.92,-0.04,0.00,-0.02,0.24,-0.00,-0.02,0.00,0.23,0.26,0.22,0.25,1007,1035,1012,1023
11752,0,0.04,-0.03,0.94,-0.04,0.00,-0.02,0.24,-0.00,-0.02,0.00,0.23,0.26,0.22,0.25,1007,1035,1012,1023
11760,0,0.05,-0.03,0.96,-0.04,0.00,-0.02,0.24,-0.00,-0.02,0.00,0.23,0.26,0.22,0.25,1007,1034,1013,1023
11768,0,0.06,-0.04,0.99,-0.04,0.00,-0.01,0.24,-0.00,-0.02,0.00,0.23,0.26,0.22,0.25,1007,1033,1014,1024
11775,0,0.06,-0.04,1.00,-0.04,-0.00,-0.00,0.24,-0.00,-0.02,0.00,0.23,0.26,0.22,0.25,1007,1033,1014,1024
11784,0,0.06,-0.04,1.00,-0.04,-0.00,-0.00,0.24,-0.00,-0.02,0.00,0.23,0.26,0.22,0.25,1007,1032,1015,1024
11794,0,0.06,-0.04,1.03,-0.04,-0.00,-0.00,0.24,-0.00,-0.02,0.00,0.23,0.26,0.22,0.25,1007,1032,1015,1024
11802,0,0.06,-0.03,1.05,-0.03,-0.00,0.00,0.24,-0.00,-0.02,0.00,0.23,0.26,0.22,0.25,1006,1032,1015,1024
11810,0,0.06,-0.03,1.06,-0.03,-0.00,0.00,0.24,-0.00,-0.02,0.00,0.23,0.26,0.22,0.25,1008,1033,1017,1026
11818,0,0.05,-0.03,1.08,-0.03,-0.01,0.00,0.24,-0.00,-0.02,0.00,0.23,0.26,0.22,0.25,1008,1033,1017,1026
11826,0,0.05,-0.02,1.10,-0.03,-0.00,0.00,0.24,-0.00,-0.02,0.00,0.23,0.26,0.22,0.25,1007,1033,1017,1026
11835,0,0.05,-0.02,1.10,-0.04,-0.00,0.00,0.24,-0.00,-0.02,0.00,0.23,0.26,0.22,0.25,1007,1032,1018,1027
11845,0,0.04,-0.02,1.12,-0.04,-0.00,0.00,0.24,-0.00,-0.02,0.00,0.23,0.26,0.22,0.25,1007,1032,1018,1027
11853,0,0.04,-0.02,1.14,-0.04,-0.00,0.00,0.24,-0.00,-0.02,0.00,0.23,0.26,0.22,0.25,1007,1032,1018,1027
11860,0,0.03,-0.01,1.16,-0.04,-0.00,0.00,0.24,-0.00,-0.02,0.00,0.23,0.26,0.22,0.25,1007,1032,1018,1027
11869,0,0.03,-0.01,1.18,-0.04,-0.00,0.00,0.24,-0.00,-0.02,0.00,0.23,0.26,0.22,0.25,1007,1032,1018,1027
11877,0,0.02,-0.00,1.20,-0.04,-0.00,0.00,0.24,-0.00,-0.02,0.00,0.23,0.26,0.22,0.25,1007,1032,1018,1027
11885,0,0.02,-0.00,1.20,-0.04,-0.00,0.00,0.24,-0.00,-0.02,0.00,0.23,0.26,0.22,0.25,1007,1032,1018,1027
11895,0,0.02,-0.00,1.22,-0.04,-0.00,0.00,0.24,-0.00,-0.02,0.00,0.23,0.26,0.22,0.25,1007,1032,1018,1027
11903,0,0.01,-0.00,1.24,-0.04,-0.00,0.00,0.24,-0.00,-0.02,0.00,0.23,0.26,0.22,0.25,1006,1032,1018,1027
11910,0,0.00,-0.00,1.27,-0.04,-0.00,0.00,0.24,-0.00,-0.02,0.00,0.23,0.26,0.22,0.25,1007,1032,1018,1027
11919,0,0.00,-0.00,1.29,-0.04,-0.00,0.00,0.24,-0.00,-0.02,0.00,0.23,0.26,0.22,0.25,1007,1032,1018,1027
11926,0,-0.00,0.00,1.31,-0.04,-0.00,0.00,0.24,-0.00,-0.02,0.00,0.23,0.26,0.22,0.25,1007,1032,1018,1027
11942,0,-0.00,0.00,1.33,-0.04,-0.00,0.00,0.24,-0.00,-0.02,0.00,0.23,0.26,0.22,0.25,1007,1032,1018,1027
11950,0,-0.01,0.00,1.35,-0.04,-0.00,0.00,0.24,-0.00,-0.02,0.00,0.23,0.26,0.22,0.25,1007,1033,1018,1027
11958,0,-0.01,0.00,1.38,-0.04,-0.00,0.00,0.24,-0.00,-0.02,0.00,0.23,0.26,0.22,0.25,1007,1033,1017,1027
11966,0,-0.02,0.00,1.40,-0.04,-0.00,0.00,0.24,-0.00,-0.02,0.00,0.23,0.26,0.22,0.25,1007,1033,1017,1027
11975,0,-0.02,0.00,1.40,-0.04,-0.00,0.00,0.24,-0.00,-0.02,0.00,0.23,0.26,0.22,0.25,1007,1033,1017,1027
11984,0,-0.02,0.00,1.42,-0.04,-0.00,0.00,0.24,-0.00,-0.02,0.00,0.23,0.26,0.22,0.25,1007,1033,1017,1027
11994,0,-0.02,0.00,1.45,-0.04,0.00,0.00,0.24,-0.00,-0.02,0.00,0.23,0.26,0.22,0.25,1007,1033,1017,1027
12002,0,-0.03,0.00,1.47,-0.04,0.00,0.00,0.24,-0.00,-0.02,0.00,0.23,0.26,0.22,0.25,1007,1034,1017,1026
12010,0,-0.03,0.00,1.49,-0.04,0.00,0.00,0.24,-0.00,-0.02,0.00,0.23,0.26,0.22,0.25,1008,1034,1016,1026
12018,0,-0.03,-0.00,1.52,-0.04,0.00,0.00,0.24,-0.00,-0.02,0.00,0.23,0.26,0.22,0.25,1008,1034,1016,1026
12026,0,-0.03,-0.00,1.54,-0.04,0.00,0.00,0.24,-0.00,-0.02,0.00,0.23,0.26,0.22,0.25,1008,1034,1016,1026
12035,0,-0.03,-0.00,1.54,-0.04,0.00,0.00,0.24,-0.00,-0.02,0.00,0.23,0.26,0.22,0.25,1008,1034,1016,1026
12045,0,-0.03,-0.00,1.57,-0.04,0.00,0.00,0.24,-0.00,-0.02,0.00,0.23,0.26,0.22,0.25,1009,1034,1016,1025
12052,0,-0.03,-0.00,1.59,-0.04,0.00,0.00,0.24,-0.00,-0.02,0.00,0.23,0.26,0.22,0.25,1010,1035,1017,1026
12059,0,-0.04,-0.00,1.62,-0.05,0.00,0.00,0.24,-0.00,-0.02,0.00,0.23,0.26,0.22,0.25,1010,1035,1017,1025
12067,0,-0.04,-0.01,1.64,-0.05,0.00,0.00,0.24,-0.00,-0.02,0.00,0.23,0.26,0.22,0.25,1010,1035,1017,1025
12075,0,-0.04,-0.01,1.64,-0.05,0.00,0.00,0.24,-0.00,-0.02,0.00,0.23,0.26,0.22,0.25,1011,1035,1016,1025
12085,0,-0.04,-0.01,1.67,-0.05,0.00,0.00,0.25,-0.00,-0.02,0.00,0.24,0.27,0.22,0.25,1013,1038,1019,1027
12095,0,-0.04,-0.01,1.70,-0.05,0.00,-0.00,0.25,-0.00,-0.01,0.00,0.24,0.27,0.22,0.25,1014,1038,1019,1027
12102,0,-0.04,-0.02,1.72,-0.05,0.00,-0.00,0.25,-0.00,-0.01,0.00,0.24,0.27,0.22,0.25,1014,1038,1019,1026
12110,0,-0.04,-0.02,1.75,-0.05,0.00,-0.00,0.27,-0.00,-0.01,0.00,0.26,0.29,0.24,0.27,1031,1054,1035,1042
12117,0,-0.04,-0.02,1.78,-0.05,0.00,-0.00,0.27,-0.00,-0.01,0.00,0.26,0.29,0.24,0.27,1031,1055,1035,1042
12126,0,-0.04,-0.02,1.78,-0.05,0.00,-0.00,0.27,-0.00,-0.01,0.00,0.26,0.29,0.25,0.28,1034,1058,1038,1045
12135,0,-0.04,-0.02,1.80,-0.05,0.00,-0.00,0.27,-0.00,-0.01,0.00,0.26,0.29,0.25,0.28,1035,1058,1038,1045
12145,0,-0.03,-0.02,1.83,-0.05,0.00,-0.00,0.27,-0.00,-0.01,0.00,0.26,0.29,0.25,0.28,1035,1058,1038,1045
12153,0,-0.03,-0.02,1.86,-0.05,0.00,-0.00,0.27,-0.00,-0.01,0.00,0.26,0.29,0.25,0.28,1035,1058,1038,1044
12160,0,-0.03,-0.02,1.89,-0.05,0.00,-0.00,0.27,-0.00,-0.01,0.00,0.26,0.29,0.25,0.28,1036,1058,1038,1044
12168,0,-0.03,-0.02,1.92,-0.05,0.00,-0.00,0.27,-0.00,-0.01,0.00,0.27,0.29,0.25,0.27,1036,1058,1038,1044
12176,0,-0.03,-0.02,1.95,-0.05,0.00,-0.00,0.27,-0.00,-0.01,0.00,0.27,0.29,0.25,0.27,1036,1058,1038,1044
12185,0,-0.03,-0.02,1.95,-0.05,-0.00,-0.00,0.27,-0.00,-0.01,0.00,0.27,0.29,0.25,0.27,1036,1058,1038,1043
12195,0,-0.03,-0.02,1.98,-0.05,-0.00,-0.00,0.27,-0.00,-0.01,0.00,0.27,0.29,0.25,0.27,1036,1058,1038,1043
12208,0,-0.02,-0.01,2.04,-0.05,-0.00,-0.00,0.27,-0.00,-0.01,0.00,0.27,0.29,0.25,0.27,1036,1058,1038,1043
12217,0,-0.02,-0.00,2.07,-0.06,-0.00,-0.00,0.27,-0.00,-0.01,0.00,0.27,0.29,0.25,0.27,1036,1059,1038,1043
12225,0,-0.02,-0.00,2.07,-0.06,-0.00,-0.00,0.27,-0.00,-0.01,0.00,0.27,0.29,0.25,0.27,1036,1059,1037,1043
12235,0,-0.02,-0.00,2.10,-0.06,-0.00,-0.00,0.27,-0.00,-0.01,0.00,0.27,0.29,0.25,0.27,1036,1059,1037,1043
12245,0,-0.02,0.00,2.13,-0.06,-0.00,-0.00,0.29,-0.01,-0.01,0.00,0.29,0.31,0.27,0.29,1053,1075,1053,1060
12253,0,-0.02,0.00,2.16,-0.06,-0.01,-0.00,0.29,-0.01,-0.01,0.00,0.29,0.32,0.27,0.30,1057,1080,1057,1064
12260,0,-0.01,0.01,2.19,-0.06,-0.01,-0.00,0.29,-0.01,-0.01,0.00,0.29,0.32,0.27,0.30,1056,1080,1057,1064
12268,0,-0.01,0.02,2.23,-0.06,-0.01,-0.00,0.29,-0.01,-0.01,0.00,0.29,0.32,0.27,0.30,1056,1080,1057,1064
12276,0,-0.00,0.02,2.26,-0.06,-0.01,-0.00,0.29,-0.01,-0.02,0.00,0.29,0.32,0.27,0.30,1056,1081,1056,1065
12285,0,-0.00,0.02,2.26,-0.06,-0.01,-0.00,0.29,-0.01,-0.02,0.00,0.29,0.32,0.27,0.30,1056,1081,1056,1065
12295,0,-0.00,0.03,2.29,-0.06,-0.01,-0.00,0.29,-0.01,-0.02,0.00,0.29,0.32,0.27,0.30,1055,1081,1056,1065
12306,0,0.00,0.04,2.33,-0.06,-0.01,-0.00,0.29,-0.00,-0.02,0.00,0.29,0.32,0.27,0.30,1055,1081,1056,1066
12313,0,0.00,0.04,2.36,-0.06,-0.01,-0.00,0.31,-0.00,-0.02,0.00,0.30,0.34,0.28,0.32,1067,1095,1068,1080
12323,0,0.01,0.05,2.40,-0.06,-0.01,-0.00,0.31,-0.00,-0.02,0.00,0.30,0.34,0.28,0.32,1067,1095,1068,1080
12333,0,0.01,0.06,2.43,-0.06,-0.02,-0.00,0.31,-0.00,-0.02,0.00,0.30,0.34,0.28,0.32,1066,1096,1068,1081
12343,0,0.02,0.07,2.47,-0.06,-0.02,-0.00,0.31,-0.00,-0.02,0.00,0.30,0.34,0.28,0.32,1065,1096,1067,1082
12351,0,0.03,0.08,2.50,-0.06,-0.02,-0.00,0.31,-0.00,-0.02,0.00,0.30,0.34,0.28,0.32,1064,1096,1067,1083
12358,0,0.03,0.08,2.54,-0.07,-0.01,-0.00,0.31,-0.00,-0.02,0.00,0.30,0.34,0.28,0.32,1063,1097,1066,1083
12366,0,0.04,0.09,2.57,-0.06,-0.01,-0.00,0.31,-0.00,-0.02,0.00,0.30,0.34,0.28,0.32,1063,1097,1066,1084
12376,0,0.04,0.09,2.57,-0.06,-0.01,0.00,0.31,-0.00,-0.02,0.00,0.30,0.34,0.28,0.33,1062,1097,1066,1085
12385,0,0.04,0.09,2.61,-0.06,-0.01,0.00,0.31,-0.00,-0.02,0.00,0.30,0.34,0.28,0.33,1061,1098,1065,1086
12395,0,0.04,0.10,2.65,-0.07,-0.01,0.00,0.31,-0.00,-0.02,0.00,0.29,0.34,0.28,0.33,1060,1098,1065,1087
12405,0,0.04,0.10,2.68,-0.07,-0.01,0.00,0.31,-0.00,-0.02,0.00,0.29,0.34,0.28,0.33,1059,1099,1065,1088
12413,0,0.04,0.10,2.72,-0.07,-0.01,0.00,0.31,-0.00,-0.02,0.00,0.29,0.34,0.28,0.33,1058,1099,1064,1088
12422,0,0.04,0.11,2.76,-0.07,-0.01,0.00,0.31,-0.00,-0.03,0.00,0.29,0.34,0.28,0.33,1057,1100,1064,1089
12431,0,0.04,0.11,2.80,-0.07,-0.01,0.00,0.31,-0.00,-0.03,0.00,0.29,0.34,0.28,0.33,1057,1100,1063,1090
12439,0,0.04,0.11,2.84,-0.07,-0.00,0.00,0.31,-0.00,-0.03,0.00,0.29,0.34,0.28,0.33,1056,1100,1063,1091
12447,0,0.04,0.12,2.87,-0.07,-0.00,0.00,0.31,-0.00,-0.03,0.00,0.29,0.34,0.28,0.33,1055,1101,1062,1092
12454,0,0.04,0.12,2.87,-0.07,-0.00,0.00,0.31,-0.00,-0.03,0.00,0.29,0.34,0.28,0.33,1054,1101,1062,1093
12462,0,0.05,0.12,2.91,-0.07,-0.00,0.00,0.31,-0.00,-0.03,0.00,0.29,0.35,0.28,0.34,1053,1102,1062,1094
12470,0,0.05,0.12,2.95,-0.07,-0.00,0.00,0.31,-0.00,-0.03,0.00,0.29,0.35,0.28,0.34,1052,1102,1061,1095
12485,0,0.05,0.12,2.99,-0.07,-0.00,0.00,0.31,-0.00,-0.03,0.00,0.28,0.35,0.28,0.34,1051,1102,1061,1095
12496,0,0.05,0.11,3.03,-0.07,-0.00,0.00,0.31,-0.00,-0.03,0.00,0.28,0.35,0.28,0.34,1051,1102,1061,1096
12503,0,0.05,0.11,3.08,-0.07,0.00,0.00,0.31,-0.00,-0.03,0.00,0.28,0.35,0.28,0.34,1050,1103,1061,1097
12511,0,0.05,0.11,3.12,-0.08,0.00,0.00,0.31,-0.00,-0.03,0.00,0.28,0.35,0.28,0.34,1049,1103,1060,1098
12519,0,0.05,0.10,-3.12,-0.08,0.00,0.00,0.31,-0.00,-0.03,0.00,0.28,0.35,0.28,0.34,1049,1103,1060,1098
12527,0,0.06,0.10,-3.08,-0.08,0.00,0.00,0.31,-0.00,-0.03,0.00,0.28,0.35,0.28,0.34,1048,1103,1060,1099
12536,0,0.06,0.10,-3.08,-0.08,0.00,0.00,0.31,-0.00,-0.03,0.00,0.28,0.35,0.27,0.34,1047,1103,1060,1100
12546,0,0.06,0.09,-3.04,-0.08,0.00,0.00,0.31,-0.00,-0.03,0.00,0.28,0.35,0.28,0.34,1047,1103,1060,1100
12554,0,0.06,0.08,-3.00,-0.08,0.00,0.00,0.31,-0.00,-0.03,0.00,0.28,0.35,0.28,0.34,1046,1103,1060,1101
12562,0,0.06,0.08,-2.95,-0.08,0.00,0.00,0.31,-0.00,-0.03,0.00,0.28,0.35,0.28,0.35,1045,1102,1061,1101
12569,0,0.07,0.07,-2.91,-0.08,0.00,0.00,0.31,-0.00,-0.03,0.00,0.28,0.35,0.28,0.35,1045,1102,1061,1102
12577,0,0.07,0.06,-2.86,-0.08,0.01,0.00,0.31,0.00,-0.03,0.00,0.28,0.35,0.28,0.35,1045,1102,1061,1102
12586,0,0.07,0.06,-2.86,-0.08,0.01,-0.00,0.31,0.00,-0.04,0.00,0.28,0.35,0.28,0.35,1044,1102,1061,1103
12596,0,0.07,0.05,-2.82,-0.08,0.01,-0.00,0.31,0.00,-0.04,0.00,0.27,0.34,0.28,0.35,1044,1101,1062,1103
12604,0,0.07,0.03,-2.78,-0.08,0.01,-0.00,0.31,0.00,-0.03,0.00,0.27,0.34,0.28,0.35,1044,1101,1063,1103
12612,0,0.07,0.02,-2.73,-0.08,0.01,0.00,0.31,0.00,-0.03,0.00,0.27,0.34,0.28,0.35,1043,1100,1063,1103
12619,0,0.08,0.01,-2.68,-0.08,0.01,-0.00,0.31,0.00,-0.03,0.00,0.27,0.34,0.28,0.35,1043,1099,1064,1104
12627,0,0.08,0.00,-2.64,-0.08,0.01,-0.00,0.31,0.00,-0.03,0.00,0.27,0.34,0.28,0.35,1043,1098,1065,1104
12636,0,0.08,0.00,-2.64,-0.08,0.02,-0.00,0.31,0.00,-0.03,0.00,0.27,0.34,0.28,0.35,1043,1098,1065,1104
12646,0,0.08,-0.01,-2.59,-0.08,0.02,-0.00,0.31,0.00,-0.03,0.00,0.27,0.34,0.28,0.35,1043,1097,1066,1104
12654,0,0.08,-0.03,-2.54,-0.09,0.02,-0.00,0.31,0.00,-0.03,0.00,0.27,0.34,0.28,0.35,1043,1096,1067,1104
12662,0,0.08,-0.04,-2.50,-0.09,0.02,-0.00,0.31,0.00,-0.03,0.00,0.27,0.34,0.28,0.35,1043,1095,1068,1103
12669,0,0.08,-0.06,-2.45,-0.09,0.02,-0.00,0.31,0.00,-0.03,0.00,0.27,0.34,0.29,0.35,1044,1094,1069,1103
12677,0,0.08,-0.07,-2.40,-0.09,0.02,-0.00,0.31,0.00,-0.03,0.00,0.28,0.33,0.29,0.35,1044,1092,1071,1103
12686,0,0.08,-0.07,-2.40,-0.09,0.02,-0.01,0.31,0.00,-0.03,0.00,0.28,0.33,0.29,0.35,1044,1092,1072,1103
12696,0,0.08,-0.09,-2.35,-0.09,0.02,-0.01,0.31,0.00,-0.03,0.00,0.28,0.33,0.29,0.35,1045,1090,1073,1102
12704,0,0.09,-0.11,-2.30,-0.09,0.02,-0.01,0.31,0.00,-0.03,0.00,0.28,0.33,0.29,0.35,1045,1088,1075,1101
12712,0,0.09,-0.13,-2.26,-0.09,0.03,-0.01,0.31,0.00,-0.02,0.00,0.28,0.33,0.29,0.34,1046,1087,1077,1100
12720,0,0.09,-0.15,-2.21,-0.09,0.03,-0.01,0.31,0.00,-0.02,0.00,0.28,0.32,0.30,0.34,1047,1085,1079,1099
12728,0,0.09,-0.17,-2.16,-0.09,0.03,-0.01,0.31,0.01,-0.02,0.00,0.28,0.32,0.30,0.34,1048,1083,1081,1098
12737,0,0.09,-0.17,-2.16,-0.09,0.03,-0.02,0.31,0.01,-0.02,0.00,0.28,0.32,0.30,0.34,1049,1081,1082,1098
12750,0,0.09,-0.21,-2.06,-0.09,0.03,-0.02,0.31,0.01,-0.02,0.00,0.28,0.32,0.30,0.34,1050,1077,1084,1095
12758,0,0.08,-0.24,-2.01,-0.09,0.03,-0.02,0.31,0.01,-0.01,0.00,0.28,0.31,0.31,0.34,1052,1075,1086,1093
12765,0,0.08,-0.24,-2.01,-0.09,0.03,-0.02,0.31,0.01,-0.01,0.00,0.29,0.31,0.31,0.33,1053,1073,1088,1093
12777,0,0.08,-0.26,-1.96,-0.09,0.03,-0.02,0.31,0.01,-0.01,0.00,0.29,0.31,0.31,0.33,1054,1071,1091,1091
12786,0,0.07,-0.28,-1.91,-0.09,0.03,-0.02,0.31,0.01,-0.00,0.00,0.29,0.30,0.32,0.33,1056,1068,1093,1089
12796,0,0.07,-0.31,-1.85,-0.09,0.03,-0.02,0.31,0.01,-0.00,0.00,0.29,0.30,0.32,0.33,1058,1066,1096,1087
12803,0,0.06,-0.33,-1.80,-0.09,0.04,-0.02,0.31,0.01,-0.00,0.00,0.30,0.30,0.32,0.32,1061,1063,1099,1084
12846,0,0.00,-0.42,-1.59,-0.09,0.03,-0.01,0.31,0.01,0.00,0.00,0.30,0.29,0.33,0.32,1067,1059,1103,1078
12854,0,-0.01,-0.44,-1.54,-0.09,0.03,-0.00,0.31,0.01,0.00,0.00,0.31,0.29,0.33,0.31,1069,1055,1105,1074
12862,0,-0.03,-0.46,-1.49,-0.09,0.03,-0.00,0.31,0.01,0.01,0.00,0.31,0.29,0.33,0.31,1073,1053,1107,1071
12870,0,-0.06,-0.47,-1.43,-0.09,0.03,-0.00,0.31,0.01,0.02,0.00,0.31,0.28,0.33,0.30,1077,1051,1109,1067
12878,0,-0.09,-0.49,-1.38,-0.10,0.03,-0.00,0.31,0.00,0.02,0.00,0.32,0.28,0.34,0.30,1080,1048,1112,1063
12887,0,-0.09,-0.49,-1.38,-0.10,0.03,0.00,0.31,0.00,0.02,0.00,0.32,0.28,0.34,0.29,1084,1046,1114,1060
12897,0,-0.12,-0.50,-1.33,-0.10,0.03,0.00,0.31,0.00,0.03,0.00,0.33,0.28,0.34,0.29,1088,1044,1116,1056
12904,0,-0.15,-0.51,-1.27,-0.10,0.03,0.00,0.16,0.00,0.03,0.00,0.18,0.12,0.20,0.14,970,921,995,929
12912,0,-0.18,-0.52,-1.22,-0.10,0.03,0.00,0.15,0.00,0.03,0.00,0.18,0.11,0.18,0.12,964,908,986,914
12920,0,-0.22,-0.52,-1.17,-0.10,0.03,0.01,0.15,0.00,0.04,0.00,0.18,0.11,0.19,0.11,969,907,987,910
12928,0,-0.26,-0.53,-1.11,-0.10,0.03,0.01,0.14,-0.00,0.04,0.00,0.18,0.10,0.18,0.10,965,898,980,896
12937,0,-0.26,-0.53,-1.11,-0.10,0.02,0.01,0.14,-0.00,0.04,0.00,0.18,0.10,0.18,0.09,969,897,981,892
12947,0,-0.30,-0.52,-1.06,-0.10,0.02,0.01,0.14,-0.00,0.05,0.00,0.19,0.09,0.18,0.08,974,896,982,887
12955,0,-0.34,-0.52,-1.01,-0.10,0.02,0.02,0.14,-0.00,0.05,0.00,0.20,0.09,0.18,0.08,979,896,982,882
12962,0,-0.38,-0.51,-0.95,-0.10,0.02,0.02,0.14,-0.01,0.05,0.00,0.20,0.10,0.18,0.07,985,897,981,877
12970,0,-0.42,-0.49,-0.90,-0.10,0.01,0.02,0.14,-0.02,0.06,0.00,0.21,0.10,0.18,0.07,990,897,981,872
12978,0,-0.46,-0.48,-0.85,-0.10,0.01,0.02,0.14,-0.02,0.06,0.00,0.21,0.10,0.18,0.06,995,899,980,867
12987,0,-0.46,-0.48,-0.85,-0.10,0.00,0.02,0.14,-0.02,0.06,0.00,0.22,0.10,0.18,0.05,1000,898,980,862
12997,0,-0.50,-0.45,-0.79,-0.10,0.00,0.02,0.14,-0.03,0.06,0.00,0.23,0.10,0.17,0.05,1005,900,978,857
13004,0,-0.53,-0.43,-0.74,-0.10,0.00,0.02,0.13,-0.03,0.07,0.00,0.23,0.10,0.17,0.04,1005,898,972,848
13012,0,-0.56,-0.40,-0.69,-0.10,-0.00,0.02,0.13,-0.03,0.07,0.00,0.23,0.10,0.16,0.03,1010,900,970,844
13020,0,-0.59,-0.37,-0.64,-0.10,-0.00,0.02,0.13,-0.04,0.07,0.00,0.24,0.10,0.16,0.02,1014,903,967,839
13028,0,-0.62,-0.33,-0.59,-0.10,-0.01,0.02,0.00,-0.04,0.07,0.00,0.00,0.00,0.00,0.00,819,819,819,819
13037,0,-0.62,-0.33,-0.59,-0.10,-0.01,0.02,0.00,-0.02,0.02,0.00,0.00,0.00,0.00,0.00,819,819,819,819
13047,0,-0.64,-0.29,-0.54,-0.10,-0.02,0.02,0.00,-0.02,0.01,0.00,0.00,0.00,0.00,0.00,819,819,819,819
13055,0,-0.66,-0.25,-0.49,-0.10,-0.02,0.02,0.00,-0.02,0.01,0.00,0.00,0.00,0.00,0.00,819,819,819,819
13062,0,-0.68,-0.21,-0.44,-0.10,-0.03,0.02,0.00,-0.02,0.01,0.00,0.00,0.00,0.00,0.00,819,819,819,819
13070,0,-0.69,-0.16,-0.39,-0.10,-0.03,0.02,0.00,-0.02,0.00,0.00,0.00,0.00,0.00,0.00,819,819,819,819
13078,0,-0.71,-0.11,-0.35,-0.10,-0.03,0.02,0.00,-0.02,0.00,0.00,0.00,0.00,0.00,0.00,819,819,819,819
13087,0,-0.71,-0.11,-0.35,-0.10,-0.04,0.02,0.00,-0.02,0.00,0.00,0.00,0.00,0.00,0.00,819,819,819,819
13097,0,-0.72,-0.06,-0.30,-0.10,-0.04,0.02,0.00,-0.02,0.00,0.00,0.00,0.00,0.00,0.00,819,819,819,819
13110,0,-0.74,0.05,-0.21,-0.10,-0.05,0.02,0.00,-0.02,-0.00,0.00,0.00,0.00,0.00,0.00,819,819,819,819
13118,0,-0.75,0.10,-0.17,-0.10,-0.05,0.02,0.00,-0.02,-0.00,0.00,0.00,0.00,0.00,0.00,819,819,819,819
13127,0,-0.75,0.10,-0.17,-0.10,-0.05,0.02,0.00,-0.02,-0.00,0.00,0.00,0.00,0.00,0.00,819,819,819,819
13137,0,-0.76,0.16,-0.12,-0.10,-0.05,0.02,0.00,-0.02,-0.00,0.00,0.00,0.00,0.00,0.00,819,819,819,819
13146,0,-0.76,0.22,-0.08,-0.10,-0.05,0.02,0.00,-0.02,-0.01,0.00,0.00,0.00,0.00,0.00,819,819,819,819
13154,0,-0.77,0.28,-0.03,-0.10,-0.06,0.02,0.00,-0.02,-0.01,0.00,0.00,0.00,0.00,0.00,819,819,819,819
13162,0,-0.78,0.34,0.01,-0.10,-0.06,0.02,0.00,-0.02,-0.02,0.00,0.00,0.00,0.00,0.00,819,819,819,819
13169,0,-0.79,0.40,0.05,-0.10,-0.06,0.03,0.00,-0.02,-0.02,0.00,0.00,0.00,0.00,0.00,819,819,819,819
13178,0,-0.79,0.40,0.05,-0.10,-0.06,0.03,0.00,-0.02,-0.02,0.00,0.00,0.00,0.00,0.00,819,819,819,819
13187,0,-0.80,0.46,0.10,-0.10,-0.06,0.03,0.00,-0.02,-0.02,0.00,0.00,0.00,0.00,0.00,819,819,819,819
13197,0,-0.81,0.53,0.15,-0.10,-0.06,0.03,0.00,-0.02,-0.02,0.00,0.00,0.00,0.00,0.00,819,819,819,819
13205,0,-0.82,0.59,0.19,-0.10,-0.06,0.03,0.00,-0.02,-0.03,0.00,0.00,0.00,0.00,0.00,819,819,819,819
13213,0,-0.83,0.65,0.24,-0.10,-0.06,0.04,0.00,-0.02,-0.03,0.00,0.00,0.00,0.00,0.00,819,819,819,819
13220,0,-0.84,0.72,0.29,-0.10,-0.06,0.04,0.00,-0.02,-0.03,0.00,0.00,0.00,0.00,0.00,819,819,819,819
13228,0,-0.85,0.78,0.34,-0.10,-0.06,0.04,0.00,-0.02,-0.04,0.00,0.00,0.00,0.00,0.00,819,819,819,819
13237,0,-0.85,0.78,0.34,-0.10,-0.06,0.04,0.00,-0.02,-0.04,0.00,0.00,0.00,0.00,0.00,819,819,819,819
13247,0,-0.86,0.84,0.39,-0.10,-0.06,0.04,0.00,-0.02,-0.04,0.00,0.00,0.00,0.00,0.00,819,819,819,819
13255,0,-0.88,0.91,0.45,-0.10,-0.06,0.04,0.00,-0.02,-0.04,0.00,0.00,0.00,0.00,0.00,819,819,819,819
13263,0,-0.89,0.97,0.50,-0.10,-0.06,0.04,0.00,-0.02,-0.05,0.00,0.00,0.00,0.00,0.00,819,819,819,819
13270,0,-0.90,1.03,0.56,-0.10,-0.06,0.05,0.00,-0.02,-0.05,0.00,0.00,0.00,0.00,0.00,819,819,819,819
13278,0,-0.90,1.03,0.56,-0.10,-0.06,0.05,0.00,-0.02,-0.05,0.00,0.00,0.00,0.00,0.00,819,819,819,819
13288,0,-0.92,1.10,0.62,-0.09,-0.07,0.04,0.00,-0.02,-0.05,0.00,0.00,0.00,0.00,0.00,819,819,819,819
13297,0,-0.94,1.16,0.68,-0.09,-0.07,0.04,0.00,-0.02,-0.05,0.00,0.00,0.00,0.00,0.00,819,819,819,819
13305,0,-0.96,1.22,0.74,-0.08,-0.06,0.05,0.00,-0.03,-0.06,0.00,0.00,0.00,0.00,0.00,819,819,819,819
13313,0,-0.98,1.26,0.81,-0.07,-0.03,0.07,0.00,-0.03,-0.06,0.00,0.00,0.00,0.00,0.00,819,819,819,819
13321,0,-0.99,1.31,0.89,-0.08,-0.03,0.09,0.00,-0.03,-0.06,0.00,0.00,0.00,0.00,0.00,819,819,819,819
13329,0,-0.99,1.36,0.97,-0.08,-0.03,0.08,0.00,-0.03,-0.06,0.00,0.00,0.00,0.00,0.00,819,819,819,819
13338,0,-0.99,1.36,0.97,-0.08,-0.03,0.08,0.00,-0.03,-0.06,0.00,0.00,0.00,0.00,0.00,819,819,819,819
13348,0,-1.01,1.41,1.05,-0.08,-0.05,0.07,0.00,-0.03,-0.07,0.00,0.00,0.00,0.00,0.00,819,819,819,819
13355,0,-0.12,1.46,1.13,-0.08,-0.04,0.07,0.00,-0.00,-0.07,0.00,0.00,0.00,0.00,0.00,819,819,819,819
13363,0,-0.08,1.51,1.21,-0.08,-0.04,0.07,0.00,-0.00,-0.07,0.00,0.00,0.00,0.00,0.00,819,819,819,819
13378,0,-0.03,1.56,1.29,-0.08,-0.04,0.07,0.00,-0.00,-0.07,0.00,0.00,0.00,0.00,0.00,819,819,819,819
13388,1,3.09,1.54,1.37,-0.08,-0.04,0.07,0.00,0.08,-0.07,0.00,0.00,0.00,0.00,0.00,819,819,819,819
13398,1,3.04,1.49,1.46,-0.08,-0.04,0.07,0.00,0.08,-0.07,0.00,0.00,0.00,0.00,0.00,819,819,819,819
13405,1,1.90,1.44,1.55,-0.08,-0.04,0.07,0.00,0.05,-0.07,0.00,0.00,0.00,0.00,0.00,819,819,819,819
13413,1,1.92,1.39,1.64,-0.07,-0.05,0.07,0.00,0.05,-0.07,0.00,0.00,0.00,0.00,0.00,819,819,819,819
13421,1,1.92,1.35,1.70,-0.07,-0.03,0.04,0.00,0.05,-0.06,0.00,0.00,0.00,0.00,0.00,819,819,819,819
13429,1,1.87,1.32,1.71,-0.06,0.01,-0.04,0.00,0.05,-0.06,0.00,0.00,0.00,0.00,0.00,819,819,819,819
